Биномиальное распределение:

N = 2, T = 300, P=0.1
Теорическая вероятность
[0.81, 0.18000000000000002, 0.010000000000000002]
Теорическая энтропия
0.7579911871785624
Эмпирическая вероятность
[0.8372250000000001, 0.15555000000000002, 0.007225000000000001]
Эмпирическая энтропия
0.683562992477094

************************************
************************************
************************************
************************************
************************************
Данные для построения гистограмы и графиков
votes = [0, 0, 0, 0, 0, 1, 0, 1, 0, 0, 0, 0, 0, 0, 0, 0, 1, 1, 0, 0, 0, 1, 0, 0, 0, 0, 0, 1, 1, 0, 0, 0, 0, 0, 0, 0, 0, 0, 0, 0, 0, 1, 0, 0, 1, 0, 0, 0, 0, 0, 0, 1, 0, 1, 0, 0, 0, 0, 0, 0, 1, 0, 0, 0, 0, 0, 1, 0, 0, 0, 1, 0, 0, 0, 0, 1, 0, 0, 0, 1, 0, 0, 0, 0, 0, 1, 0, 0, 0, 1, 0, 0, 0, 0, 0, 0, 0, 1, 0, 0, 0, 0, 0, 0, 0, 1, 0, 0, 1, 0, 0, 0, 1, 1, 0, 0, 0, 0, 0, 0, 0, 0, 0, 0, 0, 1, 0, 1, 0, 0, 0, 0, 0, 0, 0, 0, 0, 1, 0, 0, 0, 0, 0, 1, 0, 1, 0, 0, 1, 0, 0, 0, 0, 1, 0, 0, 0, 1, 0, 0, 1, 0, 0, 1, 0, 0, 0, 0, 0, 0, 0, 1, 0, 0, 0, 0, 0, 0, 0, 1, 0, 1, 1, 0, 0, 0, 0, 0, 0, 0, 0, 0, 0, 0, 1, 0, 0, 0, 0, 0, 0, 0, 0, 0, 0, 0, 1, 0, 0, 0, 0, 0, 0, 0, 0, 0, 0, 0, 0, 0, 0, 0, 0, 1, 0, 0, 0, 0, 0, 0, 0, 0, 0, 0, 0, 0, 0, 1, 0, 0, 1, 1, 0, 0, 0, 1, 0, 0, 0, 0, 0, 0, 0, 0, 0, 0, 0, 0, 0, 0, 0, 0, 0, 0, 1, 0, 0, 0, 0, 0, 0, 0, 1, 0, 0, 0, 0, 0, 0, 0, 0, 0, 0, 0, 0, 0, 1, 0, 2, 0, 0, 0, 1, 0, 0, 0, 0, 1, 0, 0]
b = [-0.5, 0.5, 1.5, 2.5]
x = [10, 20, 50, 100, 1000, 10000, 100000]
y = [0.12635094919505352, 0.055870284586474535, 0.020438672086955358, 0.009472842680819505, 0.0010152482915870016, 0.00010119368332369268, 9.077445333410808e-06]

************************************
************************************
************************************
************************************
************************************

N = 5, T = 1000, P=0.25
Теорическая вероятность
[0.2373046875, 0.3955078125, 0.263671875, 0.087890625, 0.0146484375, 0.0009765625]
Теорическая энтропия
1.9361719562681814
Эмпирическая вероятность
[0.2482593517125554, 0.3988945186079114, 0.2563719527628014, 0.08238591293857464, 0.013237482840024678, 0.0008507811381326643]
Эмпирическая энтропия
1.919336820281973

************************************
************************************
************************************
************************************
************************************
Данные для построения гистограмы и графиков
votes = [2, 1, 2, 0, 2, 1, 0, 1, 1, 2, 0, 1, 1, 3, 0, 1, 0, 3, 0, 2, 1, 0, 2, 3, 1, 2, 1, 2, 1, 1, 1, 1, 0, 1, 1, 0, 1, 1, 0, 0, 2, 3, 3, 0, 0, 1, 1, 1, 2, 1, 0, 3, 2, 4, 0, 2, 0, 2, 1, 2, 0, 1, 2, 0, 2, 1, 0, 0, 0, 0, 1, 1, 0, 1, 1, 1, 2, 1, 1, 0, 1, 0, 0, 0, 1, 1, 0, 1, 3, 0, 1, 0, 1, 2, 2, 2, 1, 1, 0, 0, 3, 1, 2, 1, 1, 0, 1, 0, 1, 1, 0, 0, 1, 2, 1, 1, 1, 1, 1, 1, 1, 1, 0, 1, 2, 0, 1, 1, 1, 2, 2, 1, 1, 2, 2, 1, 2, 1, 1, 1, 2, 2, 1, 1, 4, 0, 2, 0, 1, 1, 3, 1, 2, 0, 0, 1, 0, 1, 0, 0, 2, 3, 1, 1, 1, 1, 1, 1, 1, 2, 1, 1, 1, 1, 1, 3, 1, 1, 1, 2, 2, 2, 1, 1, 0, 0, 0, 0, 1, 3, 1, 1, 0, 3, 4, 1, 2, 1, 2, 3, 3, 0, 0, 1, 1, 2, 1, 0, 1, 2, 2, 3, 2, 0, 1, 2, 1, 2, 0, 5, 3, 1, 1, 2, 2, 1, 2, 2, 1, 3, 1, 0, 1, 0, 0, 0, 1, 1, 0, 0, 1, 1, 0, 1, 2, 1, 0, 0, 0, 2, 1, 0, 0, 0, 2, 3, 3, 2, 0, 1, 0, 0, 2, 1, 2, 1, 0, 0, 2, 2, 0, 1, 2, 0, 0, 2, 2, 3, 1, 1, 2, 3, 1, 1, 0, 2, 1, 0, 0, 1, 1, 1, 1, 1, 1, 0, 1, 1, 1, 0, 0, 1, 0, 1, 1, 2, 0, 0, 3, 0, 1, 1, 2, 2, 2, 0, 2, 0, 1, 0, 2, 0, 3, 1, 1, 0, 1, 0, 0, 1, 1, 1, 1, 2, 1, 1, 2, 1, 1, 0, 1, 1, 1, 1, 1, 1, 1, 0, 4, 2, 2, 1, 1, 1, 1, 2, 2, 1, 0, 0, 1, 1, 2, 2, 1, 0, 3, 1, 1, 1, 3, 1, 2, 3, 1, 1, 2, 0, 0, 2, 1, 1, 3, 1, 1, 2, 2, 2, 4, 0, 2, 3, 2, 0, 2, 1, 4, 2, 2, 0, 1, 3, 1, 1, 2, 1, 1, 0, 1, 1, 1, 2, 2, 0, 1, 2, 2, 0, 0, 2, 3, 0, 0, 1, 1, 0, 2, 1, 3, 2, 2, 1, 3, 1, 0, 0, 3, 1, 0, 1, 2, 1, 0, 1, 1, 2, 0, 1, 2, 3, 1, 2, 3, 0, 1, 3, 2, 2, 1, 2, 1, 2, 1, 1, 2, 2, 1, 0, 0, 0, 2, 2, 2, 0, 1, 0, 1, 1, 0, 2, 1, 0, 1, 0, 3, 1, 2, 1, 1, 2, 1, 1, 3, 1, 0, 1, 0, 0, 0, 1, 0, 2, 0, 1, 1, 2, 1, 2, 2, 0, 2, 0, 2, 2, 0, 1, 1, 2, 1, 2, 0, 0, 2, 1, 1, 1, 0, 4, 1, 2, 3, 1, 1, 1, 2, 3, 1, 0, 2, 1, 1, 1, 1, 2, 1, 2, 2, 3, 2, 1, 1, 1, 1, 1, 1, 0, 2, 0, 0, 1, 2, 1, 1, 2, 1, 2, 1, 0, 1, 2, 1, 2, 2, 3, 2, 1, 0, 2, 3, 1, 1, 3, 1, 0, 1, 1, 0, 2, 1, 1, 2, 0, 1, 0, 1, 1, 0, 0, 1, 3, 2, 1, 2, 1, 0, 2, 4, 0, 0, 3, 3, 0, 3, 1, 1, 0, 1, 2, 1, 2, 1, 1, 0, 1, 0, 1, 3, 2, 1, 2, 1, 1, 1, 1, 2, 1, 1, 2, 1, 2, 1, 1, 2, 0, 3, 2, 1, 2, 1, 2, 1, 1, 1, 3, 2, 1, 1, 1, 1, 2, 1, 1, 2, 2, 0, 1, 0, 2, 3, 3, 0, 2, 1, 1, 1, 0, 1, 0, 1, 2, 2, 1, 0, 1, 3, 1, 0, 2, 2, 4, 2, 2, 2, 1, 2, 0, 0, 1, 0, 2, 1, 1, 2, 1, 0, 0, 1, 0, 1, 2, 1, 0, 1, 1, 2, 1, 0, 2, 1, 0, 0, 1, 1, 1, 1, 2, 1, 2, 0, 0, 1, 0, 0, 3, 2, 1, 1, 1, 0, 3, 1, 2, 3, 1, 2, 0, 1, 1, 3, 3, 1, 2, 2, 0, 2, 2, 2, 1, 1, 2, 2, 1, 2, 1, 2, 1, 3, 1, 4, 2, 1, 1, 1, 1, 0, 1, 0, 2, 0, 2, 1, 1, 1, 1, 2, 1, 1, 3, 0, 0, 1, 2, 0, 1, 0, 1, 2, 0, 2, 2, 2, 0, 3, 2, 1, 4, 1, 1, 1, 2, 1, 0, 1, 0, 1, 1, 1, 0, 1, 1, 0, 1, 3, 2, 2, 2, 2, 2, 2, 1, 0, 0, 2, 1, 2, 1, 0, 1, 2, 1, 2, 0, 1, 3, 1, 1, 1, 1, 4, 1, 1, 1, 1, 1, 2, 2, 2, 1, 3, 0, 1, 2, 2, 3, 2, 2, 1, 1, 0, 0, 0, 1, 1, 2, 1, 2, 0, 3, 1, 0, 2, 1, 0, 2, 1, 1, 3, 2, 0, 2, 0, 1, 2, 1, 1, 2, 0, 1, 1, 2, 0, 0, 0, 2, 1, 1, 2, 3, 0, 3, 1, 0, 0, 3, 2, 3, 1, 1, 2, 0, 2, 2, 1, 1, 2, 0, 0, 1, 1, 0, 0, 3, 2, 2, 2, 1, 0, 3, 1, 3, 0, 2, 2, 2, 0, 2, 0, 1, 0, 1, 0, 2, 0, 2, 2, 1, 1, 2, 0, 0, 3, 0, 2, 1, 0, 0, 0, 3, 1, 1, 2, 2, 1, 1, 3, 1, 1, 2, 1, 0, 2, 1, 0, 0, 1, 1, 2, 3, 0, 0, 1, 0, 3, 0, 1, 3, 3, 2, 0, 1]
b = [-0.5, 0.5, 1.5, 2.5, 3.5, 4.5, 5.5]
x = [10, 20, 50, 100, 1000, 10000, 100000]
y = [0.026246486386514972, 0.012783430148244691, 0.004651393346396752, 0.0023977985121362926, 0.00021226371219009327, 2.3062767368441868e-05, 2.2084915249224247e-06]

************************************
************************************
************************************
************************************
************************************

N = 4, T = 2500, P=0.5
Теорическая вероятность
[0.0625, 0.25, 0.375, 0.25, 0.0625]
Теорическая энтропия
2.0306390622295662
Эмпирическая вероятность
[0.065037750625, 0.2549994975, 0.37492500375, 0.2450004975, 0.060037250625]
Эмпирическая энтропия
2.030544390906158

************************************
************************************
************************************
************************************
************************************
Данные для построения гистограмы и графиков
votes = [1, 2, 2, 2, 1, 1, 1, 2, 1, 2, 3, 2, 2, 3, 1, 1, 3, 4, 2, 2, 2, 4, 2, 2, 4, 2, 2, 2, 2, 2, 2, 2, 1, 1, 3, 1, 1, 2, 4, 3, 2, 1, 2, 2, 2, 3, 4, 3, 3, 2, 3, 1, 2, 0, 0, 1, 1, 2, 1, 2, 4, 1, 1, 1, 2, 1, 3, 2, 3, 2, 2, 1, 1, 0, 1, 2, 4, 2, 4, 2, 1, 2, 2, 2, 2, 4, 0, 2, 3, 2, 3, 1, 3, 1, 1, 1, 1, 1, 3, 0, 2, 1, 0, 2, 3, 1, 3, 3, 2, 4, 1, 3, 2, 2, 1, 0, 2, 2, 2, 2, 3, 2, 3, 2, 2, 2, 2, 0, 3, 4, 0, 1, 3, 2, 2, 1, 2, 3, 3, 2, 4, 2, 3, 4, 2, 2, 2, 1, 2, 2, 2, 1, 3, 1, 1, 1, 4, 4, 2, 1, 2, 2, 3, 2, 3, 2, 1, 3, 3, 2, 2, 1, 1, 2, 3, 3, 2, 4, 2, 2, 1, 3, 4, 2, 3, 3, 2, 3, 2, 2, 3, 1, 0, 1, 3, 1, 1, 2, 0, 2, 3, 2, 2, 1, 1, 2, 1, 1, 2, 3, 3, 2, 3, 2, 2, 3, 0, 0, 2, 2, 1, 2, 3, 1, 2, 0, 0, 2, 2, 1, 2, 1, 2, 2, 3, 3, 3, 3, 1, 3, 4, 1, 2, 2, 1, 3, 1, 2, 2, 1, 1, 3, 2, 2, 2, 2, 2, 0, 2, 2, 3, 1, 3, 2, 2, 2, 4, 2, 3, 2, 3, 1, 3, 2, 1, 2, 1, 3, 0, 1, 0, 1, 1, 1, 0, 2, 1, 2, 2, 2, 2, 2, 3, 3, 2, 2, 1, 3, 2, 2, 0, 2, 2, 3, 4, 2, 2, 2, 2, 3, 3, 3, 3, 3, 2, 2, 3, 0, 2, 3, 2, 3, 1, 1, 2, 1, 2, 3, 2, 1, 2, 1, 2, 3, 4, 0, 2, 3, 1, 1, 2, 1, 1, 1, 2, 2, 3, 2, 1, 2, 2, 2, 2, 2, 3, 1, 3, 1, 2, 0, 3, 1, 3, 2, 3, 2, 3, 1, 1, 1, 0, 2, 4, 2, 1, 3, 1, 3, 3, 2, 0, 3, 2, 4, 1, 4, 2, 2, 3, 1, 1, 1, 2, 1, 3, 1, 2, 3, 1, 1, 3, 3, 3, 3, 0, 1, 1, 0, 2, 1, 3, 2, 2, 2, 2, 2, 1, 2, 2, 3, 3, 3, 1, 2, 3, 3, 0, 1, 3, 2, 1, 4, 2, 1, 3, 3, 0, 4, 1, 3, 1, 2, 1, 4, 2, 3, 1, 1, 0, 3, 2, 1, 1, 3, 3, 4, 3, 1, 2, 2, 2, 4, 2, 0, 3, 1, 2, 2, 1, 1, 2, 1, 2, 2, 3, 4, 2, 3, 1, 3, 2, 3, 1, 1, 2, 3, 2, 2, 1, 2, 0, 3, 2, 0, 3, 3, 3, 3, 1, 1, 3, 2, 2, 2, 2, 2, 2, 1, 1, 1, 3, 3, 1, 1, 3, 2, 2, 2, 1, 3, 3, 2, 1, 2, 2, 4, 2, 2, 3, 2, 2, 1, 3, 3, 1, 2, 2, 3, 1, 1, 2, 4, 1, 2, 2, 1, 1, 1, 3, 3, 2, 2, 1, 3, 1, 2, 3, 1, 1, 2, 0, 1, 1, 1, 1, 2, 1, 2, 1, 2, 3, 3, 3, 2, 0, 4, 1, 2, 2, 1, 3, 2, 2, 1, 3, 3, 2, 2, 3, 4, 1, 2, 3, 2, 2, 2, 0, 3, 3, 1, 2, 3, 3, 2, 0, 0, 0, 2, 4, 2, 2, 2, 1, 3, 3, 2, 2, 1, 3, 3, 1, 2, 2, 2, 2, 1, 4, 2, 1, 1, 2, 2, 3, 2, 2, 3, 1, 2, 2, 3, 3, 4, 1, 3, 2, 1, 1, 1, 0, 4, 4, 3, 2, 2, 2, 3, 2, 4, 1, 1, 1, 0, 2, 2, 2, 2, 2, 3, 3, 1, 2, 2, 3, 2, 3, 3, 3, 2, 2, 3, 0, 3, 2, 2, 1, 1, 3, 3, 4, 4, 2, 2, 2, 1, 3, 3, 3, 1, 2, 3, 2, 3, 2, 1, 3, 2, 2, 3, 2, 1, 2, 1, 1, 0, 0, 1, 1, 3, 3, 1, 1, 2, 2, 1, 4, 0, 3, 3, 1, 1, 0, 2, 4, 3, 0, 1, 0, 2, 3, 2, 0, 1, 3, 2, 2, 2, 2, 3, 2, 1, 3, 2, 1, 2, 1, 2, 4, 2, 1, 4, 3, 1, 3, 2, 3, 3, 2, 3, 2, 3, 1, 1, 0, 3, 3, 1, 1, 2, 0, 1, 1, 1, 3, 2, 4, 3, 3, 3, 3, 2, 2, 1, 3, 4, 2, 3, 3, 3, 2, 2, 4, 2, 3, 2, 0, 2, 3, 3, 1, 2, 1, 2, 1, 1, 2, 3, 3, 1, 1, 3, 2, 1, 2, 0, 3, 2, 2, 2, 1, 2, 2, 1, 1, 2, 3, 2, 1, 1, 3, 2, 2, 2, 1, 3, 3, 3, 3, 3, 3, 3, 1, 1, 1, 2, 0, 3, 3, 0, 1, 1, 2, 2, 2, 2, 2, 4, 1, 2, 3, 1, 3, 4, 2, 0, 1, 3, 3, 1, 3, 1, 1, 3, 0, 3, 2, 1, 3, 2, 3, 0, 4, 3, 2, 3, 3, 1, 3, 3, 2, 3, 2, 1, 2, 1, 2, 4, 2, 3, 3, 3, 1, 3, 1, 3, 1, 3, 2, 2, 0, 1, 3, 2, 1, 2, 1, 4, 2, 2, 2, 2, 2, 3, 2, 2, 1, 2, 2, 0, 0, 2, 1, 3, 2, 0, 2, 1, 3, 2, 2, 2, 2, 2, 2, 2, 2, 3, 2, 2, 3, 1, 2, 2, 3, 2, 1, 1, 3, 3, 2, 1, 2, 2, 0, 2, 2, 1, 2, 2, 2, 1, 2, 1, 4, 3, 1, 2, 4, 2, 3, 2, 1, 3, 1, 1, 0, 0, 4, 3, 3, 0, 1, 2, 1, 2, 3, 1, 2, 2, 3, 1, 0, 1, 2, 3, 1, 1, 3, 1, 1, 1, 1, 1, 0, 1, 1, 1, 2, 2, 3, 0, 2, 1, 1, 0, 2, 0, 2, 2, 1, 3, 1, 3, 2, 1, 1, 2, 3, 4, 0, 1, 3, 2, 2, 2, 3, 1, 2, 1, 2, 3, 3, 3, 1, 2, 1, 1, 1, 3, 0, 2, 2, 3, 3, 3, 2, 2, 3, 0, 3, 0, 3, 2, 2, 3, 1, 2, 2, 1, 2, 1, 0, 0, 2, 3, 3, 2, 2, 2, 2, 3, 0, 1, 2, 3, 3, 1, 2, 2, 2, 2, 0, 1, 3, 2, 2, 3, 3, 2, 2, 1, 0, 1, 0, 2, 3, 3, 3, 1, 2, 3, 2, 1, 2, 3, 2, 1, 4, 1, 2, 2, 1, 3, 1, 1, 1, 1, 1, 2, 1, 1, 1, 2, 1, 2, 3, 0, 2, 1, 2, 2, 2, 2, 2, 1, 1, 1, 2, 3, 3, 4, 2, 4, 1, 3, 1, 3, 3, 2, 0, 2, 0, 2, 2, 2, 1, 3, 1, 2, 3, 3, 2, 3, 4, 2, 2, 0, 3, 0, 3, 3, 3, 2, 2, 2, 2, 2, 3, 1, 1, 2, 1, 2, 2, 2, 4, 2, 2, 2, 2, 2, 3, 3, 1, 2, 2, 2, 1, 3, 1, 1, 2, 4, 1, 1, 1, 4, 2, 0, 3, 0, 1, 2, 2, 3, 1, 3, 2, 3, 2, 1, 2, 1, 0, 3, 2, 3, 1, 2, 2, 3, 3, 0, 2, 2, 3, 2, 2, 1, 2, 1, 2, 3, 3, 2, 2, 2, 1, 0, 2, 3, 2, 2, 0, 1, 2, 2, 2, 1, 2, 1, 4, 2, 2, 4, 3, 3, 2, 1, 4, 2, 2, 2, 2, 2, 3, 1, 1, 4, 1, 2, 2, 1, 3, 1, 2, 1, 2, 3, 3, 2, 1, 2, 2, 2, 3, 1, 2, 1, 3, 3, 1, 1, 2, 2, 1, 1, 2, 2, 3, 2, 3, 2, 0, 2, 1, 2, 2, 2, 1, 4, 3, 2, 4, 2, 1, 1, 1, 1, 2, 2, 3, 1, 3, 1, 1, 3, 1, 4, 3, 2, 2, 3, 2, 2, 2, 2, 3, 2, 2, 2, 2, 3, 2, 4, 2, 2, 1, 4, 3, 2, 2, 1, 1, 1, 1, 2, 2, 1, 3, 3, 1, 2, 1, 2, 2, 1, 3, 3, 3, 3, 1, 2, 3, 2, 4, 1, 2, 2, 1, 1, 2, 2, 0, 0, 2, 3, 3, 1, 2, 2, 1, 2, 1, 3, 2, 0, 2, 2, 2, 2, 1, 3, 4, 0, 4, 2, 1, 2, 1, 2, 1, 0, 3, 2, 2, 1, 1, 0, 1, 4, 2, 1, 3, 1, 1, 2, 2, 0, 3, 0, 2, 2, 2, 1, 2, 1, 1, 2, 4, 4, 2, 1, 3, 3, 3, 3, 3, 4, 2, 3, 1, 3, 1, 2, 2, 2, 4, 2, 1, 2, 3, 0, 2, 4, 2, 1, 2, 4, 1, 2, 3, 1, 1, 4, 0, 3, 1, 0, 2, 1, 3, 2, 1, 3, 1, 2, 2, 1, 2, 3, 2, 4, 3, 1, 3, 2, 2, 3, 3, 3, 2, 1, 3, 0, 2, 4, 1, 2, 2, 3, 2, 1, 3, 1, 0, 1, 0, 4, 2, 0, 1, 2, 3, 0, 1, 2, 1, 0, 3, 2, 1, 2, 2, 3, 4, 3, 4, 4, 2, 0, 3, 3, 3, 1, 4, 1, 2, 3, 3, 2, 2, 3, 1, 1, 3, 0, 1, 2, 1, 1, 3, 3, 1, 2, 0, 3, 1, 2, 2, 1, 1, 2, 0, 1, 1, 2, 1, 3, 2, 3, 2, 2, 4, 4, 0, 3, 1, 2, 3, 4, 2, 3, 2, 1, 1, 2, 2, 1, 2, 2, 2, 2, 2, 3, 3, 1, 2, 2, 2, 2, 2, 2, 2, 3, 3, 3, 2, 2, 3, 3, 1, 3, 3, 1, 2, 3, 3, 2, 3, 3, 1, 1, 1, 0, 2, 3, 1, 2, 2, 1, 2, 3, 1, 3, 3, 2, 0, 4, 2, 1, 3, 4, 3, 3, 4, 2, 3, 3, 1, 2, 2, 0, 2, 3, 2, 1, 2, 2, 1, 3, 1, 2, 1, 2, 2, 1, 2, 3, 2, 1, 2, 1, 1, 1, 2, 3, 4, 0, 2, 2, 3, 2, 2, 1, 3, 1, 0, 3, 2, 1, 2, 1, 1, 2, 3, 2, 4, 2, 1, 1, 2, 3, 1, 1, 2, 1, 3, 3, 3, 0, 2, 2, 2, 1, 3, 2, 1, 3, 1, 2, 1, 3, 2, 3, 2, 3, 4, 1, 1, 1, 1, 0, 0, 1, 0, 3, 1, 3, 2, 1, 3, 2, 2, 0, 1, 2, 3, 0, 1, 3, 2, 3, 3, 2, 4, 3, 2, 2, 3, 1, 1, 2, 2, 1, 3, 2, 3, 1, 1, 1, 2, 2, 3, 1, 2, 1, 3, 3, 2, 2, 2, 2, 3, 3, 3, 1, 2, 1, 4, 1, 2, 3, 3, 2, 1, 3, 2, 0, 1, 3, 1, 2, 2, 2, 0, 1, 2, 1, 2, 1, 1, 1, 1, 2, 3, 3, 2, 1, 1, 2, 3, 2, 2, 1, 4, 4, 2, 3, 3, 2, 2, 2, 0, 1, 4, 4, 1, 1, 2, 2, 4, 3, 3, 2, 2, 4, 2, 1, 2, 3, 3, 3, 2, 1, 2, 2, 2, 3, 3, 4, 2, 2, 3, 3, 0, 2, 2, 2, 1, 0, 3, 0, 2, 3, 1, 1, 2, 3, 1, 3, 2, 4, 3, 2, 1, 3, 3, 3, 3, 3, 2, 1, 2, 4, 0, 2, 3, 1, 2, 2, 1, 3, 2, 2, 2, 2, 3, 3, 2, 3, 2, 1, 0, 2, 2, 3, 3, 3, 2, 2, 3, 1, 1, 1, 2, 3, 2, 0, 3, 2, 4, 2, 2, 2, 2, 4, 2, 2, 1, 3, 2, 2, 2, 0, 2, 4, 2, 1, 1, 2, 2, 2, 1, 2, 2, 2, 0, 4, 4, 2, 1, 3, 2, 2, 3, 3, 2, 3, 2, 3, 3, 3, 2, 0, 1, 1, 3, 3, 3, 2, 1, 3, 3, 3, 1, 3, 3, 4, 2, 2, 1, 2, 2, 2, 1, 3, 2, 2, 2, 4, 3, 3, 2, 3, 3, 2, 2, 1, 1, 4, 3, 3, 3, 4, 2, 2, 1, 3, 3, 2, 1, 4, 2, 2, 2, 2, 3, 1, 2, 4, 3, 0, 1, 0, 2, 2, 2, 3, 2, 2, 2, 2, 2, 1, 4, 3, 1, 1, 1, 2, 3, 3, 1, 2, 3, 1, 2, 3, 1, 1, 2, 3, 3, 1, 3, 1, 2, 2, 1, 3, 3, 2, 2, 2, 2, 2, 2, 1, 3, 1, 0, 2, 3, 1, 3, 2, 4, 1, 1, 3, 1, 2, 3, 2, 2, 1, 4, 4, 2, 2, 1, 1, 3, 1, 2, 3, 3, 2, 2, 1, 3, 3, 2, 2, 3, 2, 1, 2, 3, 4, 2, 3, 3, 3, 1, 2, 0, 0, 2, 3, 2, 2, 0, 2, 1, 0, 2, 2, 2, 3, 2, 0, 3, 1, 2, 1, 1, 3, 4, 1, 2, 0, 4, 3, 2, 1, 1, 3, 4, 0, 3, 2, 1, 2, 2, 2, 3, 0, 3, 3, 1, 3, 3, 2, 2, 1, 3, 3, 1, 2, 3, 2, 2, 2, 2, 3, 0, 3, 2, 3, 1, 4, 1, 2, 2, 1, 2, 2, 3, 1, 2, 3, 1, 2, 1, 2, 2, 2, 3, 3, 2, 2, 1, 3, 3, 2, 1, 3, 1, 0, 2, 3, 3, 1, 4, 2, 2, 1, 3, 1, 1, 1, 2, 0, 2, 3, 2, 0, 3, 1, 2, 2, 1, 2, 4, 2, 1, 2, 1, 3, 2, 0, 2, 3, 1, 2, 2, 1, 1, 1, 3, 2, 2, 1, 3, 1, 1, 4, 0, 2, 2, 3, 3, 3, 1, 3, 3, 1, 2, 1, 1, 2, 1, 3, 3, 2, 3, 4, 3, 3, 1, 2, 2, 1, 3, 2, 2, 2, 0, 1, 3, 0, 3, 3, 1, 2, 0, 2, 2, 3, 3, 4, 2, 3, 1, 1, 2, 2, 3, 1, 2, 2, 2, 2, 3, 1, 0, 3, 0, 1, 3, 2, 3, 3, 2, 2, 2, 0, 2, 2, 2, 2, 3, 2, 2, 2, 2, 1, 2, 2, 2, 1, 1, 2, 2, 1, 1, 1, 1, 1, 3, 3, 2, 1, 2, 4, 3, 3, 2, 2, 0, 2, 0, 3, 2, 3, 1, 1, 2, 3, 3, 3, 2, 2, 1, 1, 3, 3, 3, 3, 2, 4, 2, 2, 3, 0, 1, 3, 4, 4, 3, 2, 1, 3, 2, 2, 1, 2, 3, 3, 3, 1, 1, 1, 3, 3, 2, 0, 2, 1, 3, 4, 2, 2, 1, 2, 3, 2, 2, 2, 3, 2, 2, 1, 2, 1, 2, 2, 2, 2, 3, 1, 2, 1, 1, 2, 1, 2, 0, 2]
b = [-0.5, 0.5, 1.5, 2.5, 3.5, 4.5]
x = [10, 20, 50, 100, 1000, 10000, 100000]
y = [0.0020382855601356943, 0.00042110772027663477, 6.311271706914611e-05, 2.0253778813627458e-05, 1.5775795119890444e-07, 1.755379823597937e-09, 1.540254285557865e-11]

************************************
************************************
************************************
************************************
************************************

N = 6, T = 2000, P=0.6
Теорическая вероятность
[0.0040960000000000015, 0.03686400000000001, 0.13824000000000003, 0.27648, 0.31104000000000004, 0.18662399999999998, 0.04665599999999999]
Теорическая энтропия
2.297780980897389
Эмпирическая вероятность
[0.003731425950061798, 0.03445923702168792, 0.13259441922120072, 0.27210941047115644, 0.3141119104581874, 0.19338552997654296, 0.049608066901162824]
Эмпирическая энтропия
2.2931327340544767

************************************
************************************
************************************
************************************
************************************
Данные для построения гистограмы и графиков
votes = [1, 4, 1, 3, 2, 6, 4, 4, 5, 3, 4, 3, 3, 1, 2, 4, 6, 2, 3, 3, 5, 5, 3, 5, 5, 5, 2, 3, 4, 4, 4, 5, 4, 2, 2, 3, 4, 5, 1, 5, 4, 4, 5, 2, 4, 4, 4, 5, 5, 5, 5, 4, 5, 2, 3, 2, 2, 2, 2, 5, 3, 5, 3, 5, 3, 3, 4, 4, 4, 3, 5, 5, 2, 4, 2, 4, 6, 3, 2, 3, 3, 4, 3, 2, 3, 4, 2, 4, 5, 3, 3, 4, 3, 3, 2, 4, 2, 2, 3, 3, 4, 6, 4, 5, 4, 3, 4, 4, 3, 1, 4, 5, 4, 6, 6, 3, 3, 3, 3, 4, 3, 4, 2, 5, 2, 3, 6, 5, 5, 2, 3, 4, 4, 2, 3, 4, 4, 4, 3, 3, 3, 3, 4, 4, 2, 4, 4, 6, 6, 4, 4, 3, 0, 4, 3, 4, 5, 3, 5, 4, 4, 4, 5, 3, 6, 3, 5, 2, 3, 4, 4, 3, 4, 3, 3, 4, 1, 4, 3, 6, 3, 3, 4, 5, 4, 6, 5, 2, 4, 4, 2, 2, 1, 4, 1, 3, 5, 2, 5, 2, 2, 3, 3, 6, 5, 3, 2, 5, 5, 4, 4, 2, 2, 5, 4, 3, 3, 4, 3, 5, 5, 3, 4, 4, 4, 4, 3, 4, 3, 3, 4, 4, 3, 3, 2, 4, 2, 6, 5, 2, 5, 2, 4, 4, 4, 4, 5, 3, 3, 2, 5, 4, 3, 4, 5, 5, 5, 5, 4, 6, 4, 4, 4, 5, 2, 4, 6, 3, 5, 5, 3, 6, 4, 3, 5, 4, 3, 3, 3, 3, 2, 4, 1, 4, 4, 4, 6, 4, 3, 3, 4, 3, 5, 3, 5, 2, 6, 5, 3, 2, 4, 3, 5, 4, 3, 3, 5, 4, 4, 3, 4, 5, 4, 5, 5, 3, 1, 6, 3, 3, 5, 6, 4, 3, 5, 4, 4, 5, 4, 4, 2, 3, 6, 3, 3, 4, 2, 4, 6, 6, 2, 3, 5, 5, 5, 3, 3, 5, 3, 4, 6, 2, 5, 3, 6, 3, 4, 5, 4, 4, 5, 4, 4, 2, 5, 4, 4, 3, 5, 4, 3, 2, 2, 4, 2, 3, 5, 5, 4, 6, 4, 3, 4, 4, 5, 1, 4, 4, 5, 4, 1, 2, 4, 4, 3, 3, 5, 4, 4, 3, 4, 3, 6, 4, 4, 3, 3, 4, 2, 3, 2, 5, 5, 3, 3, 2, 3, 2, 2, 3, 3, 2, 3, 3, 2, 2, 3, 4, 3, 4, 5, 5, 4, 6, 3, 4, 2, 3, 2, 5, 4, 3, 2, 4, 2, 3, 4, 3, 5, 3, 4, 5, 6, 4, 1, 2, 3, 5, 4, 4, 6, 4, 2, 4, 4, 4, 2, 5, 4, 3, 3, 5, 5, 3, 5, 5, 5, 5, 5, 4, 2, 4, 2, 4, 4, 4, 3, 3, 4, 4, 4, 4, 3, 2, 3, 4, 3, 4, 4, 6, 5, 3, 2, 3, 2, 5, 3, 4, 2, 4, 4, 2, 3, 4, 4, 3, 1, 4, 2, 2, 3, 3, 5, 4, 5, 3, 5, 5, 4, 4, 2, 3, 6, 2, 3, 5, 5, 4, 4, 5, 4, 3, 2, 1, 4, 4, 4, 3, 4, 3, 2, 4, 3, 4, 3, 3, 5, 4, 3, 3, 4, 3, 6, 2, 3, 3, 4, 4, 4, 2, 5, 3, 2, 2, 5, 4, 5, 3, 3, 3, 4, 3, 3, 2, 4, 2, 5, 4, 5, 2, 5, 2, 3, 3, 3, 4, 4, 5, 4, 2, 3, 5, 3, 4, 5, 5, 4, 2, 2, 3, 3, 3, 3, 5, 4, 4, 4, 3, 4, 4, 3, 5, 2, 3, 5, 2, 2, 5, 3, 4, 4, 2, 3, 3, 5, 2, 3, 3, 3, 5, 3, 3, 5, 2, 4, 6, 3, 5, 3, 5, 4, 5, 3, 4, 4, 2, 3, 4, 2, 4, 3, 4, 4, 1, 1, 5, 5, 2, 4, 3, 0, 3, 4, 3, 3, 4, 3, 2, 4, 3, 4, 4, 5, 5, 4, 4, 3, 3, 1, 3, 5, 3, 3, 2, 5, 4, 3, 3, 5, 4, 3, 3, 2, 3, 4, 6, 4, 4, 4, 3, 4, 3, 2, 4, 4, 2, 5, 4, 5, 4, 5, 2, 3, 3, 2, 3, 3, 3, 2, 3, 2, 3, 4, 5, 4, 3, 3, 1, 2, 4, 3, 1, 3, 2, 5, 4, 3, 4, 1, 5, 4, 4, 2, 4, 5, 4, 4, 3, 5, 3, 1, 5, 2, 4, 4, 3, 4, 4, 3, 2, 5, 4, 3, 4, 4, 3, 2, 1, 4, 5, 2, 4, 2, 1, 5, 4, 5, 4, 6, 2, 1, 5, 4, 4, 2, 4, 5, 1, 4, 3, 3, 5, 4, 4, 3, 3, 4, 1, 4, 5, 5, 2, 4, 2, 3, 3, 2, 4, 4, 1, 5, 4, 3, 3, 5, 4, 2, 2, 4, 4, 5, 4, 5, 4, 3, 3, 4, 5, 3, 4, 3, 2, 3, 3, 5, 2, 3, 4, 5, 4, 4, 4, 3, 2, 4, 5, 3, 5, 6, 3, 5, 3, 1, 4, 3, 2, 5, 3, 5, 4, 4, 4, 2, 4, 4, 3, 4, 5, 3, 3, 4, 4, 4, 4, 5, 5, 3, 3, 4, 6, 2, 1, 2, 5, 3, 4, 6, 3, 4, 5, 5, 4, 5, 0, 4, 5, 4, 6, 3, 4, 5, 3, 5, 2, 2, 4, 2, 5, 4, 4, 4, 3, 4, 4, 5, 3, 4, 5, 5, 3, 3, 4, 3, 4, 5, 4, 4, 5, 4, 4, 4, 5, 4, 3, 6, 4, 3, 3, 3, 6, 5, 4, 3, 5, 4, 1, 4, 4, 1, 5, 4, 5, 5, 3, 5, 4, 5, 1, 4, 4, 5, 3, 3, 3, 3, 2, 3, 5, 4, 3, 5, 3, 4, 2, 5, 3, 4, 5, 3, 3, 5, 4, 3, 6, 3, 5, 4, 5, 3, 4, 4, 6, 4, 4, 5, 3, 4, 4, 5, 3, 4, 5, 2, 6, 5, 5, 3, 3, 4, 3, 5, 4, 2, 4, 4, 5, 3, 3, 4, 4, 5, 5, 3, 2, 5, 3, 4, 3, 4, 2, 3, 1, 3, 5, 4, 6, 2, 5, 4, 3, 3, 5, 4, 3, 3, 5, 2, 2, 4, 6, 4, 4, 5, 2, 2, 3, 4, 5, 4, 3, 5, 4, 5, 5, 3, 3, 4, 4, 3, 4, 4, 5, 3, 5, 5, 4, 4, 4, 3, 5, 5, 3, 3, 2, 4, 5, 5, 4, 5, 5, 4, 4, 5, 5, 1, 3, 5, 4, 4, 3, 4, 5, 2, 4, 4, 3, 1, 5, 4, 5, 5, 4, 3, 5, 4, 4, 5, 2, 4, 6, 4, 3, 4, 3, 3, 3, 2, 4, 4, 4, 1, 3, 1, 3, 1, 3, 5, 3, 1, 5, 4, 3, 6, 4, 5, 2, 3, 5, 4, 3, 4, 4, 4, 3, 4, 5, 3, 4, 4, 2, 4, 4, 1, 5, 3, 5, 5, 4, 5, 4, 4, 4, 4, 4, 3, 5, 4, 3, 2, 4, 5, 3, 3, 3, 3, 5, 5, 5, 5, 5, 1, 4, 3, 2, 4, 4, 5, 3, 3, 2, 4, 4, 5, 4, 4, 2, 5, 4, 4, 3, 4, 4, 6, 3, 3, 4, 4, 3, 4, 5, 4, 3, 1, 3, 6, 3, 3, 3, 3, 2, 3, 3, 2, 4, 3, 3, 5, 4, 5, 2, 3, 6, 4, 4, 4, 2, 3, 5, 4, 4, 3, 3, 4, 5, 4, 3, 3, 3, 3, 4, 4, 3, 2, 4, 3, 4, 4, 2, 3, 4, 3, 3, 3, 3, 5, 2, 5, 3, 2, 2, 5, 4, 4, 4, 5, 5, 4, 4, 2, 5, 2, 5, 5, 2, 6, 4, 3, 2, 5, 4, 3, 4, 1, 3, 4, 5, 5, 3, 3, 4, 4, 4, 5, 5, 3, 3, 4, 2, 4, 5, 3, 6, 4, 5, 5, 4, 5, 4, 3, 3, 5, 4, 1, 5, 4, 2, 3, 6, 3, 4, 3, 3, 5, 3, 3, 5, 6, 5, 4, 4, 1, 5, 2, 4, 4, 5, 5, 3, 3, 4, 3, 5, 6, 5, 4, 4, 2, 2, 5, 2, 3, 2, 5, 5, 4, 5, 5, 2, 5, 1, 2, 5, 4, 4, 4, 4, 3, 2, 2, 3, 2, 4, 5, 3, 5, 3, 2, 2, 4, 4, 3, 5, 6, 3, 3, 4, 5, 5, 4, 3, 4, 5, 2, 5, 3, 4, 2, 4, 3, 3, 5, 4, 4, 5, 4, 5, 3, 5, 4, 3, 4, 5, 4, 4, 1, 2, 2, 2, 4, 1, 2, 6, 2, 4, 3, 3, 4, 3, 3, 3, 2, 3, 5, 4, 4, 5, 3, 4, 5, 5, 3, 4, 3, 3, 4, 4, 2, 5, 4, 1, 4, 3, 3, 5, 2, 5, 4, 3, 5, 4, 5, 4, 4, 3, 4, 5, 3, 3, 5, 3, 1, 4, 2, 3, 4, 4, 5, 1, 3, 4, 3, 5, 2, 3, 3, 4, 1, 6, 2, 4, 3, 4, 5, 3, 5, 4, 3, 3, 6, 4, 2, 2, 4, 5, 6, 4, 3, 1, 6, 3, 4, 3, 4, 3, 4, 3, 3, 4, 1, 4, 4, 3, 2, 4, 6, 4, 3, 4, 2, 3, 2, 3, 1, 2, 3, 4, 2, 4, 4, 5, 3, 3, 4, 4, 4, 3, 5, 4, 6, 5, 4, 3, 4, 3, 6, 4, 4, 3, 5, 4, 4, 4, 2, 4, 5, 3, 5, 3, 5, 5, 4, 4, 4, 4, 4, 1, 5, 5, 4, 3, 4, 5, 3, 2, 5, 4, 5, 5, 5, 2, 4, 2, 3, 5, 3, 3, 4, 2, 5, 5, 5, 5, 3, 4, 3, 4, 2, 4, 2, 5, 4, 3, 2, 1, 3, 1, 3, 2, 5, 3, 3, 3, 4, 4, 5, 4, 3, 4, 4, 3, 3, 4, 3, 2, 3, 2, 4, 1, 4, 3, 3, 2, 4, 5, 2, 4, 3, 2, 2, 2, 4, 4, 4, 4, 3, 5, 6, 4, 4, 4, 5, 1, 3, 5, 2, 5, 4, 4, 3, 6, 2, 4, 3, 1, 5, 4, 5, 5, 4, 4, 4, 4, 4, 2, 5, 4, 2, 5, 2, 4, 6, 4, 4, 3, 6, 4, 4, 3, 3, 3, 3, 3, 4, 6, 3, 4, 5, 1, 5, 2, 3, 4, 3, 3, 4, 5, 3, 4, 4, 4, 6, 4, 2, 3, 3, 5, 3, 4, 5, 5, 4, 2, 3, 3, 5, 5, 4, 4, 5, 3, 3, 4, 2, 4, 4, 5, 2, 3, 3, 3, 5, 4, 3, 5, 5, 4, 4, 2, 4, 4, 3, 4, 2, 5, 4, 5, 3, 4, 4, 2, 4, 5, 4, 4, 5, 1, 4, 5, 4, 3, 4, 1, 6, 3, 4, 4, 5, 5, 3, 6, 1, 2, 3, 4, 4, 4, 5, 5, 4, 5, 4, 5, 4, 4, 4, 3, 1, 3, 2, 3, 5, 3, 2, 3, 3, 3, 3, 3, 3, 4, 4, 4, 4, 4, 4, 2, 4, 6, 5, 4, 4, 5, 6, 4, 4, 3, 5, 4, 2, 5, 6, 3, 4, 4, 3, 2, 4, 5, 2, 4, 1, 5, 3, 2, 3, 2, 3, 1, 2, 5, 2, 2, 4, 4, 3, 4, 4, 3, 5, 3, 2, 6, 2, 4, 2, 4, 5, 5, 4, 2, 2, 3, 3, 1, 4, 2, 4, 2, 5, 3, 3, 5, 2, 4, 1, 2, 4, 3, 3, 3, 3, 4, 5, 2, 4, 6, 2, 5, 0, 3, 3, 3, 3, 2, 3, 4, 5, 5, 5, 5, 3, 4, 4, 3, 3, 3, 4, 5, 3, 3, 3, 2, 5, 5, 4, 5, 5, 5, 4, 5, 3, 3, 3, 5, 6, 6, 5, 3, 4, 4, 2, 4, 3, 4, 4, 5, 4, 3, 4, 3, 3, 2, 3, 5, 3, 0, 2, 3, 4, 2]
b = [-0.5, 0.5, 1.5, 2.5, 3.5, 4.5, 5.5, 6.5]
x = [10, 20, 50, 100, 1000, 10000, 100000]
y = [0.003088219614591792, 0.0013609737120960806, 0.0004580938535012552, 0.00023601268153665685, 1.994379068173492e-05, 2.1976957512601857e-06, 2.150722858514553e-07]

************************************
************************************
************************************
************************************
************************************

N = 3, T = 1500, P=0.4
Теорическая вероятность
[0.21599999999999997, 0.43200000000000005, 0.28800000000000003, 0.06400000000000002]
Теорическая энтропия
1.7716787828447735
Эмпирическая вероятность
[0.21076290537174214, 0.4301829875884774, 0.2926786420411523, 0.06637546499862827]
Эмпирическая энтропия
1.775507432016157

************************************
************************************
************************************
************************************
************************************
Данные для построения гистограмы и графиков
votes = [1, 0, 0, 2, 0, 2, 1, 2, 2, 1, 2, 1, 1, 1, 0, 2, 2, 1, 2, 1, 1, 2, 0, 1, 1, 0, 0, 1, 0, 2, 2, 0, 2, 1, 1, 1, 2, 1, 2, 2, 0, 2, 1, 2, 0, 1, 1, 0, 0, 1, 0, 2, 0, 0, 2, 2, 0, 2, 2, 0, 1, 2, 2, 2, 2, 2, 2, 3, 2, 1, 1, 2, 2, 1, 1, 1, 1, 1, 1, 2, 0, 0, 2, 0, 1, 1, 0, 3, 2, 3, 0, 2, 0, 2, 2, 2, 1, 1, 2, 1, 2, 1, 2, 1, 1, 1, 1, 1, 2, 0, 2, 1, 1, 1, 1, 0, 0, 1, 0, 0, 1, 0, 1, 2, 0, 2, 2, 1, 2, 2, 2, 0, 1, 2, 2, 1, 2, 2, 0, 0, 1, 1, 1, 3, 1, 1, 1, 0, 0, 2, 1, 1, 2, 2, 0, 2, 1, 2, 1, 1, 1, 1, 1, 1, 2, 1, 0, 2, 0, 2, 1, 3, 1, 2, 1, 0, 1, 2, 1, 1, 1, 2, 1, 2, 1, 2, 1, 1, 0, 2, 1, 1, 0, 2, 2, 2, 2, 3, 0, 0, 0, 0, 0, 1, 2, 2, 0, 1, 2, 0, 2, 1, 0, 3, 2, 1, 1, 0, 1, 3, 1, 2, 1, 1, 1, 1, 0, 1, 2, 3, 2, 1, 3, 2, 0, 1, 2, 1, 1, 0, 1, 1, 2, 2, 0, 1, 1, 0, 1, 2, 0, 2, 0, 2, 1, 1, 1, 2, 2, 1, 1, 1, 1, 0, 1, 2, 1, 0, 1, 1, 1, 2, 2, 1, 2, 1, 0, 1, 0, 0, 2, 2, 1, 2, 0, 1, 1, 1, 2, 2, 0, 1, 2, 1, 1, 2, 2, 2, 3, 1, 0, 2, 1, 0, 1, 3, 1, 0, 2, 2, 2, 1, 0, 2, 2, 0, 2, 2, 2, 1, 1, 2, 1, 1, 2, 1, 2, 2, 2, 0, 0, 2, 0, 1, 1, 0, 2, 0, 0, 0, 2, 0, 2, 1, 1, 2, 0, 1, 1, 1, 1, 1, 0, 1, 1, 2, 0, 0, 2, 0, 1, 1, 2, 3, 3, 2, 1, 1, 1, 2, 1, 1, 0, 0, 1, 1, 0, 1, 2, 1, 2, 0, 2, 2, 1, 2, 1, 1, 2, 1, 1, 1, 3, 1, 1, 1, 1, 2, 0, 3, 1, 1, 3, 0, 0, 2, 0, 2, 1, 1, 2, 2, 1, 0, 0, 3, 1, 0, 2, 2, 0, 1, 1, 1, 2, 1, 2, 0, 1, 1, 2, 2, 1, 0, 0, 1, 2, 1, 2, 0, 2, 2, 0, 1, 2, 1, 2, 2, 2, 1, 1, 1, 2, 2, 2, 2, 1, 1, 3, 3, 1, 1, 1, 1, 1, 0, 1, 3, 2, 1, 1, 2, 2, 2, 1, 2, 2, 1, 2, 1, 2, 2, 2, 1, 1, 0, 2, 2, 1, 2, 2, 1, 1, 0, 1, 1, 1, 1, 1, 1, 1, 3, 2, 1, 1, 0, 1, 2, 2, 2, 1, 0, 1, 2, 2, 1, 0, 1, 2, 1, 0, 1, 1, 3, 2, 1, 0, 0, 0, 0, 2, 2, 1, 1, 2, 3, 2, 2, 2, 1, 1, 0, 2, 1, 2, 2, 2, 0, 2, 3, 2, 1, 3, 1, 1, 2, 0, 1, 1, 3, 2, 1, 1, 0, 2, 0, 1, 3, 1, 0, 1, 2, 2, 1, 0, 3, 0, 1, 2, 0, 1, 1, 1, 2, 0, 1, 0, 1, 2, 2, 0, 2, 1, 2, 0, 1, 1, 1, 2, 1, 1, 1, 2, 2, 1, 2, 1, 1, 2, 0, 3, 1, 0, 3, 0, 2, 2, 0, 2, 2, 2, 3, 2, 1, 1, 0, 0, 1, 1, 3, 1, 0, 3, 2, 3, 1, 1, 2, 1, 2, 2, 2, 1, 1, 2, 0, 0, 1, 2, 2, 1, 0, 0, 2, 2, 0, 1, 1, 3, 3, 2, 1, 0, 2, 2, 1, 2, 0, 1, 2, 2, 0, 2, 1, 2, 0, 0, 2, 0, 0, 2, 2, 0, 1, 1, 2, 1, 1, 1, 1, 1, 2, 1, 1, 0, 2, 0, 1, 1, 1, 0, 1, 1, 2, 1, 0, 2, 1, 1, 2, 1, 1, 1, 1, 2, 0, 2, 3, 1, 1, 1, 1, 2, 1, 2, 2, 0, 2, 1, 1, 1, 2, 1, 1, 0, 2, 1, 2, 0, 0, 3, 1, 1, 2, 1, 1, 0, 1, 1, 2, 1, 1, 2, 0, 1, 0, 2, 2, 1, 1, 0, 0, 1, 0, 2, 0, 2, 1, 1, 1, 0, 1, 2, 0, 1, 1, 1, 2, 1, 1, 1, 2, 1, 1, 1, 2, 1, 1, 1, 0, 1, 1, 1, 0, 2, 1, 1, 1, 1, 1, 2, 2, 1, 2, 2, 0, 0, 0, 0, 0, 3, 1, 1, 1, 1, 2, 1, 2, 0, 1, 2, 0, 0, 1, 1, 1, 2, 2, 2, 0, 2, 2, 2, 2, 2, 1, 2, 3, 0, 1, 1, 1, 2, 2, 2, 0, 1, 2, 2, 3, 2, 2, 2, 2, 1, 1, 2, 2, 1, 1, 1, 1, 2, 2, 0, 0, 1, 2, 0, 1, 0, 1, 2, 2, 2, 1, 1, 0, 1, 0, 1, 3, 0, 2, 2, 0, 1, 0, 2, 3, 0, 0, 2, 1, 2, 2, 1, 2, 1, 2, 0, 1, 0, 1, 2, 1, 2, 2, 0, 1, 2, 0, 1, 2, 0, 1, 0, 1, 2, 2, 2, 1, 1, 0, 1, 0, 1, 2, 2, 2, 1, 2, 2, 2, 2, 0, 1, 2, 2, 2, 0, 3, 2, 2, 2, 1, 0, 0, 1, 1, 1, 3, 1, 2, 3, 1, 2, 2, 1, 3, 0, 1, 2, 2, 0, 1, 1, 0, 1, 2, 1, 1, 1, 1, 2, 2, 1, 0, 3, 2, 2, 1, 2, 0, 1, 0, 1, 1, 0, 1, 1, 1, 0, 1, 2, 2, 0, 1, 2, 1, 0, 2, 2, 1, 1, 2, 0, 2, 0, 0, 3, 1, 0, 2, 2, 0, 3, 1, 1, 3, 1, 1, 2, 3, 1, 3, 1, 1, 3, 2, 0, 0, 2, 1, 1, 2, 2, 1, 2, 1, 1, 2, 2, 0, 1, 2, 1, 1, 0, 3, 2, 0, 1, 1, 1, 2, 1, 2, 1, 2, 0, 2, 1, 2, 1, 1, 2, 3, 2, 2, 2, 0, 0, 2, 0, 2, 1, 2, 2, 1, 1, 1, 2, 2, 1, 2, 2, 1, 3, 1, 3, 1, 0, 2, 3, 0, 0, 1, 2, 3, 1, 1, 0, 1, 1, 1, 1, 1, 0, 1, 1, 2, 1, 1, 1, 2, 3, 2, 3, 0, 1, 0, 0, 2, 1, 2, 2, 1, 2, 1, 2, 1, 1, 1, 1, 1, 1, 0, 1, 1, 2, 1, 2, 0, 1, 2, 1, 0, 0, 2, 1, 2, 1, 2, 0, 0, 1, 2, 2, 0, 0, 1, 1, 1, 2, 3, 1, 1, 0, 0, 2, 2, 1, 1, 1, 2, 2, 1, 2, 2, 1, 1, 0, 2, 1, 2, 0, 0, 1, 2, 1, 1, 0, 1, 1, 2, 1, 0, 1, 2, 1, 2, 1, 1, 0, 2, 1, 2, 2, 1, 2, 0, 2, 1, 1, 3, 3, 0, 2, 2, 1, 1, 1, 1, 2, 2, 1, 2, 0, 1, 1, 0, 2, 0, 1, 2, 1, 1, 0, 1, 2, 1, 1, 1, 0, 2, 3, 1, 0, 2, 0, 0, 1, 2, 2, 1, 0, 1, 2, 2, 1, 2, 0, 1, 3, 0, 3, 1, 0, 0, 2, 2, 2, 2, 2, 0, 1, 1, 2, 1, 2, 1, 1, 2, 1, 2, 1, 1, 2, 1, 2, 2, 0, 2, 0, 1, 0, 0, 1, 0, 0, 2, 0, 1, 0, 1, 1, 1, 2, 1, 0, 2, 1, 1, 3, 1, 0, 1, 1, 1, 1, 0, 2, 1, 0, 0, 1, 1, 3, 0, 1, 1, 2, 1, 0, 0, 2, 1, 1, 2, 1, 2, 1, 3, 2, 2, 1, 1, 3, 2, 1, 0, 2, 3, 1, 1, 0, 2, 0, 1, 0, 1, 1, 0, 2, 0, 1, 1, 1, 0, 2, 2, 2, 1, 2, 2, 1, 1, 0, 2, 0, 0, 1, 1, 0, 1, 0, 0, 2, 1, 1, 0, 2, 0, 1, 0, 1, 3, 3, 1, 1, 1, 1, 0, 2, 1, 1, 0, 0, 2, 1, 0, 2, 2, 0, 2, 2, 1, 1, 0, 0, 1, 1, 0, 0, 2, 1, 0, 0, 2, 1, 1, 1, 1, 1, 1, 1, 2, 2, 3, 1, 0, 1, 2, 1, 1, 0, 2, 0, 1, 1, 1, 0, 2, 2, 1, 1, 2, 2, 2, 0, 0, 1, 1, 3, 2, 3, 1, 0, 1, 2, 2, 1, 0, 2, 1, 0, 1, 1, 2, 0, 0, 3, 2, 3, 1, 1, 2, 1, 1, 0, 1, 1, 1, 1, 1, 1, 1, 0, 2]
b = [-0.5, 0.5, 1.5, 2.5, 3.5]
x = [10, 20, 50, 100, 1000, 10000, 100000]
y = [0.008926349878555465, 0.0034920321745781353, 0.001302914728276891, 0.0005587568884290874, 5.2614278064068144e-05, 5.50317964967225e-06, 5.266436471475841e-07]

************************************
************************************
************************************
************************************
************************************
Дискретное распределение:

N = 2, T = 300, P=0.1
Теорическая вероятность
[0.9000374776346277, 0.09996252236537226]
Теорическая энтропия
0.4688767810394149
Эмпирическая вероятность
[0.89, 0.11]
Эмпирическая энтропия
0.499915958164528

************************************
************************************
************************************
************************************
************************************
Данные для построения гистограмы и графиков
votes = [1, 0, 0, 0, 0, 1, 0, 0, 0, 0, 0, 0, 0, 0, 0, 0, 0, 0, 1, 0, 1, 0, 0, 0, 0, 1, 0, 0, 0, 0, 0, 0, 0, 1, 0, 0, 0, 0, 0, 0, 0, 1, 0, 0, 0, 0, 1, 0, 0, 0, 0, 0, 0, 0, 1, 0, 0, 0, 0, 0, 0, 0, 0, 0, 0, 0, 0, 0, 0, 0, 0, 0, 0, 0, 0, 0, 0, 1, 0, 0, 0, 1, 1, 0, 0, 0, 0, 0, 0, 0, 1, 0, 0, 0, 1, 0, 0, 1, 0, 0, 0, 0, 0, 0, 0, 0, 0, 0, 0, 0, 0, 0, 1, 0, 0, 1, 0, 0, 0, 0, 0, 0, 0, 0, 0, 0, 0, 0, 0, 0, 0, 0, 0, 0, 0, 0, 0, 1, 0, 0, 1, 0, 0, 0, 0, 0, 0, 0, 1, 0, 0, 0, 0, 0, 0, 0, 0, 1, 0, 0, 1, 0, 0, 0, 0, 0, 0, 0, 0, 1, 0, 0, 0, 0, 1, 0, 0, 0, 1, 0, 0, 0, 0, 0, 0, 0, 0, 0, 0, 0, 0, 1, 0, 1, 0, 0, 0, 0, 0, 0, 0, 0, 0, 0, 0, 0, 0, 0, 1, 0, 0, 0, 0, 0, 0, 0, 0, 0, 0, 1, 0, 0, 0, 1, 0, 1, 0, 0, 0, 0, 0, 0, 0, 0, 0, 0, 0, 0, 0, 0, 0, 0, 0, 0, 0, 0, 0, 0, 0, 0, 1, 0, 0, 0, 0, 0, 0, 0, 0, 0, 0, 0, 0, 0, 0, 0, 0, 0, 0, 0, 0, 0, 0, 0, 0, 0, 0, 0, 0, 0, 0, 0, 0, 0, 0, 0, 0, 0, 0, 1, 0, 0, 0, 0, 0, 0, 0, 0, 0, 0]
b = [-0.5, 0.5, 1.5]
x = [10, 20, 50, 100, 1000, 10000, 100000]
y = [0.10349319367277537, 0.049785463333221015, 0.018371536019583044, 0.009309913524026577, 0.0008818435290832248, 9.149961054038534e-05, 9.007713880062617e-06]

************************************
************************************
************************************
************************************
************************************

N = 5, T = 1000, P=0.25
Теорическая вероятность
[0.19026939308583524, 0.13381854005284655, 0.2977886296137321, 0.3413019535568979, 0.03682148369068826]
Теорическая энтропия
2.0689149558584594
Эмпирическая вероятность
[0.2, 0.136, 0.277, 0.354, 0.033]
Эмпирическая энтропия
2.0616141496332605

************************************
************************************
************************************
************************************
************************************
Данные для построения гистограмы и графиков
votes = [1, 3, 2, 3, 2, 3, 0, 3, 0, 0, 1, 2, 2, 3, 2, 1, 3, 3, 4, 1, 3, 2, 1, 3, 2, 2, 1, 0, 2, 3, 3, 2, 3, 2, 1, 3, 1, 2, 2, 3, 3, 2, 0, 2, 0, 0, 0, 3, 0, 2, 1, 1, 2, 3, 1, 2, 2, 1, 0, 0, 3, 3, 1, 0, 1, 2, 3, 1, 2, 2, 1, 2, 2, 0, 2, 1, 3, 3, 2, 1, 0, 2, 0, 2, 3, 2, 2, 0, 2, 2, 0, 0, 3, 3, 0, 3, 1, 2, 0, 0, 3, 2, 3, 1, 1, 3, 0, 3, 0, 2, 1, 2, 0, 1, 1, 2, 0, 0, 0, 0, 0, 3, 2, 3, 0, 2, 0, 0, 0, 2, 0, 2, 1, 3, 3, 3, 3, 3, 3, 2, 0, 2, 3, 3, 3, 2, 1, 3, 1, 3, 4, 2, 3, 3, 0, 0, 3, 1, 3, 2, 2, 3, 2, 3, 3, 1, 0, 3, 3, 3, 3, 1, 2, 3, 1, 0, 0, 1, 3, 3, 0, 2, 1, 0, 3, 0, 3, 0, 1, 3, 1, 0, 0, 2, 3, 2, 2, 0, 1, 3, 3, 4, 3, 3, 3, 3, 1, 2, 3, 3, 0, 2, 1, 2, 3, 3, 3, 1, 2, 2, 3, 3, 0, 4, 0, 3, 3, 1, 2, 3, 1, 3, 3, 2, 0, 2, 3, 3, 0, 2, 3, 2, 3, 3, 2, 3, 2, 0, 3, 3, 2, 2, 2, 2, 2, 1, 3, 1, 4, 3, 1, 2, 0, 1, 3, 0, 3, 0, 0, 1, 2, 1, 3, 3, 3, 3, 3, 2, 1, 2, 3, 3, 0, 0, 0, 3, 3, 3, 0, 1, 0, 3, 1, 2, 2, 3, 0, 3, 1, 3, 3, 0, 2, 3, 3, 2, 3, 1, 2, 0, 1, 2, 3, 3, 2, 1, 3, 0, 2, 0, 3, 3, 1, 3, 2, 2, 2, 3, 2, 2, 1, 4, 3, 1, 3, 2, 2, 0, 2, 1, 0, 3, 2, 3, 3, 3, 2, 2, 0, 0, 0, 2, 2, 3, 0, 0, 3, 3, 2, 4, 2, 2, 3, 1, 2, 1, 1, 3, 1, 3, 3, 0, 3, 3, 2, 2, 0, 0, 0, 2, 1, 1, 3, 1, 0, 2, 3, 1, 3, 2, 3, 2, 3, 2, 0, 3, 2, 1, 3, 1, 2, 1, 3, 0, 2, 4, 2, 2, 0, 4, 4, 0, 3, 3, 0, 2, 3, 2, 0, 2, 0, 0, 2, 3, 2, 2, 3, 2, 4, 3, 3, 0, 3, 2, 2, 2, 3, 2, 3, 2, 2, 3, 3, 1, 0, 2, 2, 1, 2, 3, 2, 3, 3, 2, 2, 2, 0, 0, 4, 3, 3, 3, 3, 2, 0, 3, 2, 1, 2, 3, 1, 2, 3, 3, 3, 3, 2, 1, 2, 2, 0, 3, 0, 3, 4, 2, 2, 3, 1, 3, 3, 2, 0, 2, 0, 0, 0, 3, 2, 2, 0, 0, 3, 1, 2, 2, 0, 2, 2, 3, 0, 3, 3, 2, 0, 3, 0, 0, 0, 3, 3, 3, 0, 3, 3, 3, 0, 1, 3, 3, 2, 2, 0, 3, 2, 0, 2, 3, 3, 0, 4, 2, 3, 3, 2, 0, 4, 2, 1, 2, 2, 3, 1, 2, 1, 3, 3, 0, 3, 2, 3, 0, 0, 0, 4, 3, 0, 3, 1, 2, 0, 2, 0, 0, 3, 1, 3, 0, 0, 2, 3, 0, 3, 3, 3, 3, 1, 3, 2, 0, 0, 2, 2, 3, 2, 2, 4, 3, 2, 0, 3, 3, 2, 0, 3, 3, 1, 1, 2, 3, 0, 0, 1, 2, 2, 0, 3, 2, 3, 0, 1, 3, 4, 4, 3, 0, 1, 3, 0, 3, 2, 2, 3, 2, 3, 2, 3, 3, 0, 3, 3, 0, 3, 4, 0, 0, 0, 3, 3, 1, 1, 0, 0, 1, 3, 2, 3, 4, 3, 0, 2, 1, 3, 2, 3, 2, 3, 2, 0, 3, 2, 2, 0, 4, 1, 1, 3, 0, 0, 4, 0, 3, 3, 2, 3, 1, 3, 1, 4, 2, 0, 1, 3, 0, 3, 3, 3, 2, 2, 1, 2, 3, 3, 3, 2, 3, 2, 0, 3, 1, 0, 3, 1, 3, 1, 3, 3, 2, 3, 0, 4, 3, 2, 2, 2, 1, 1, 3, 3, 4, 3, 3, 1, 2, 2, 3, 3, 1, 1, 2, 3, 3, 2, 3, 1, 2, 1, 0, 2, 2, 2, 2, 2, 2, 1, 4, 3, 3, 0, 1, 3, 0, 1, 3, 3, 3, 3, 3, 1, 0, 2, 2, 2, 3, 4, 0, 3, 0, 2, 3, 3, 3, 2, 3, 1, 0, 2, 3, 3, 4, 2, 0, 3, 3, 0, 1, 0, 0, 3, 2, 3, 3, 2, 3, 3, 0, 2, 0, 3, 2, 2, 2, 0, 0, 3, 2, 3, 2, 2, 2, 0, 2, 2, 1, 3, 2, 3, 3, 0, 0, 1, 3, 3, 1, 0, 2, 1, 0, 3, 1, 2, 2, 3, 2, 3, 1, 1, 3, 2, 3, 0, 2, 3, 2, 2, 2, 3, 2, 0, 2, 0, 1, 0, 3, 2, 3, 1, 3, 2, 2, 0, 2, 0, 3, 0, 3, 3, 3, 0, 2, 2, 2, 3, 1, 2, 3, 3, 3, 2, 1, 3, 3, 0, 3, 3, 3, 3, 3, 3, 3, 0, 2, 2, 3, 2, 3, 3, 3, 1, 3, 3, 4, 3, 2, 2, 0, 3, 3, 3, 3, 2, 2, 0, 0, 2, 2, 2, 3, 3, 4, 4, 2, 2, 2, 0, 0, 0, 3, 2, 3, 4, 2, 3, 0, 0, 1, 0, 1, 3, 0, 3, 3, 1, 3, 3, 3, 0, 2, 0, 2, 1, 2, 2, 2, 0, 1, 2, 1, 2, 3, 2, 0, 3, 2, 0, 3, 2, 0, 2, 3, 0, 3, 2, 3, 3, 3, 2, 2, 2, 1, 3, 3, 3, 3, 1, 0, 1, 1, 3, 0]
b = [-0.5, 0.5, 1.5, 2.5, 3.5, 4.5]
x = [10, 20, 50, 100, 1000, 10000, 100000]
y = [0.18739632482494623, 0.05715301547634929, 0.016059525490576872, 0.00605877454648378, 0.0005406225926497928, 4.8784928534798474e-05, 4.859833219037664e-06]

************************************
************************************
************************************
************************************
************************************

N = 4, T = 2500, P=0.5
Теорическая вероятность
[0.3541683863078341, 0.3220189687899162, 0.2202902360236334, 0.10352240887861631]
Теорическая энтропия
1.8763076817448763
Эмпирическая вероятность
[0.3676, 0.3236, 0.21, 0.0988]
Эмпирическая энтропия
1.8602171891884616

************************************
************************************
************************************
************************************
************************************
Данные для построения гистограмы и графиков
votes = [1, 0, 0, 0, 1, 1, 1, 0, 2, 1, 0, 1, 0, 1, 3, 1, 1, 1, 2, 1, 0, 0, 2, 2, 1, 0, 0, 0, 1, 0, 2, 0, 2, 2, 1, 2, 0, 0, 1, 0, 1, 1, 3, 0, 1, 0, 0, 2, 1, 0, 0, 1, 1, 2, 0, 2, 1, 0, 0, 2, 2, 0, 3, 2, 1, 0, 0, 0, 0, 3, 1, 0, 2, 0, 2, 1, 1, 1, 0, 3, 1, 1, 0, 2, 0, 1, 1, 1, 1, 1, 0, 1, 2, 2, 1, 2, 0, 0, 1, 0, 0, 0, 1, 0, 3, 0, 1, 0, 0, 2, 1, 0, 1, 2, 1, 3, 1, 1, 0, 0, 2, 0, 0, 1, 0, 1, 0, 2, 0, 1, 2, 1, 2, 1, 1, 0, 2, 1, 2, 2, 2, 2, 0, 2, 1, 1, 1, 1, 2, 1, 2, 3, 1, 1, 2, 0, 3, 3, 3, 1, 0, 1, 0, 3, 0, 1, 0, 0, 2, 3, 1, 1, 1, 0, 1, 2, 1, 0, 1, 1, 0, 2, 1, 2, 2, 3, 1, 0, 1, 3, 1, 2, 2, 0, 1, 2, 1, 2, 0, 0, 1, 0, 0, 1, 0, 0, 2, 3, 2, 1, 1, 2, 1, 1, 0, 2, 3, 1, 3, 1, 1, 3, 0, 0, 1, 2, 1, 2, 1, 2, 0, 2, 0, 3, 2, 0, 0, 2, 2, 0, 2, 3, 1, 1, 1, 1, 0, 1, 1, 1, 3, 0, 3, 0, 1, 1, 0, 0, 2, 0, 2, 1, 0, 2, 1, 0, 3, 1, 2, 0, 1, 3, 1, 1, 1, 2, 0, 3, 1, 1, 3, 2, 1, 1, 2, 2, 1, 0, 2, 0, 1, 2, 0, 1, 3, 1, 3, 2, 0, 0, 0, 1, 2, 0, 0, 2, 0, 0, 2, 0, 0, 2, 0, 3, 2, 0, 1, 0, 0, 1, 1, 1, 1, 3, 2, 2, 0, 0, 1, 2, 2, 2, 0, 0, 0, 1, 0, 2, 2, 0, 0, 1, 1, 0, 0, 0, 1, 2, 0, 2, 0, 1, 3, 0, 1, 1, 1, 0, 0, 3, 1, 0, 0, 1, 1, 0, 1, 2, 3, 2, 0, 1, 1, 1, 2, 1, 2, 0, 0, 0, 2, 2, 3, 3, 0, 3, 0, 0, 0, 0, 0, 0, 1, 1, 2, 2, 2, 1, 2, 1, 0, 1, 0, 0, 1, 0, 0, 0, 3, 0, 0, 1, 2, 0, 1, 3, 0, 1, 2, 2, 0, 2, 0, 2, 2, 0, 0, 1, 3, 0, 1, 3, 2, 0, 1, 1, 2, 0, 2, 1, 0, 1, 3, 3, 2, 0, 0, 1, 0, 0, 1, 1, 1, 0, 3, 0, 2, 1, 0, 1, 0, 1, 0, 1, 0, 2, 0, 2, 0, 1, 2, 3, 0, 1, 0, 2, 0, 0, 3, 1, 0, 0, 0, 1, 1, 0, 3, 1, 3, 0, 1, 1, 0, 1, 0, 0, 0, 3, 3, 0, 0, 1, 0, 0, 2, 2, 0, 2, 3, 2, 0, 2, 2, 1, 2, 1, 0, 2, 1, 3, 0, 0, 1, 0, 0, 1, 0, 2, 1, 0, 0, 0, 2, 3, 1, 1, 0, 1, 0, 1, 2, 2, 0, 0, 1, 0, 0, 0, 0, 1, 2, 2, 0, 0, 0, 2, 2, 0, 3, 3, 0, 3, 1, 0, 2, 1, 3, 0, 0, 2, 0, 1, 1, 1, 0, 0, 1, 0, 2, 0, 1, 0, 0, 1, 0, 1, 2, 2, 1, 3, 0, 1, 1, 2, 0, 1, 1, 1, 3, 0, 3, 2, 1, 2, 0, 3, 0, 2, 2, 3, 2, 3, 1, 1, 1, 0, 2, 3, 3, 0, 0, 0, 2, 0, 0, 1, 0, 1, 0, 0, 1, 0, 2, 3, 1, 3, 0, 1, 2, 2, 2, 3, 1, 1, 0, 1, 2, 0, 0, 1, 1, 2, 0, 2, 2, 0, 0, 0, 1, 2, 1, 0, 2, 0, 0, 2, 1, 0, 2, 2, 0, 1, 1, 0, 0, 1, 0, 0, 3, 1, 0, 0, 0, 1, 1, 2, 2, 0, 2, 2, 3, 3, 2, 1, 0, 1, 2, 1, 0, 2, 1, 0, 1, 0, 0, 1, 0, 1, 2, 0, 0, 1, 0, 1, 0, 1, 1, 1, 0, 2, 1, 0, 1, 0, 2, 0, 1, 0, 0, 0, 1, 1, 2, 2, 0, 0, 0, 1, 1, 3, 2, 0, 2, 0, 1, 1, 0, 3, 3, 2, 0, 0, 0, 0, 3, 1, 0, 0, 3, 0, 0, 1, 0, 2, 1, 2, 2, 1, 0, 0, 1, 3, 0, 0, 3, 3, 2, 0, 1, 1, 0, 3, 0, 1, 3, 2, 2, 1, 1, 2, 0, 0, 2, 0, 0, 2, 1, 0, 1, 2, 2, 0, 2, 0, 1, 2, 2, 0, 0, 0, 1, 0, 2, 1, 0, 0, 3, 3, 3, 0, 1, 1, 0, 1, 2, 0, 0, 0, 2, 2, 1, 2, 0, 2, 0, 0, 2, 0, 0, 2, 0, 0, 1, 2, 2, 2, 2, 1, 1, 1, 1, 0, 0, 0, 2, 3, 1, 1, 1, 0, 0, 1, 1, 1, 2, 2, 3, 0, 1, 0, 1, 1, 0, 2, 1, 3, 1, 2, 1, 0, 2, 1, 2, 3, 2, 1, 1, 2, 0, 3, 2, 2, 3, 0, 0, 2, 1, 0, 1, 0, 1, 3, 3, 2, 0, 1, 1, 0, 2, 1, 0, 0, 2, 0, 2, 1, 2, 3, 1, 2, 2, 2, 2, 2, 3, 2, 3, 1, 0, 1, 3, 0, 3, 0, 1, 1, 1, 1, 2, 1, 0, 3, 2, 0, 0, 0, 0, 0, 1, 2, 2, 3, 1, 1, 0, 0, 0, 1, 3, 0, 2, 1, 0, 0, 0, 1, 1, 1, 0, 2, 0, 1, 1, 1, 1, 1, 2, 3, 0, 0, 1, 0, 1, 0, 0, 0, 0, 3, 0, 0, 0, 3, 1, 0, 2, 0, 0, 2, 0, 1, 1, 0, 1, 0, 0, 1, 2, 2, 0, 0, 1, 3, 1, 0, 1, 2, 0, 0, 0, 3, 0, 0, 2, 0, 1, 3, 0, 2, 0, 2, 3, 1, 1, 1, 0, 1, 0, 2, 2, 1, 0, 1, 1, 1, 1, 2, 1, 0, 1, 2, 1, 1, 1, 0, 2, 1, 2, 0, 1, 2, 0, 2, 3, 0, 3, 0, 2, 0, 0, 1, 1, 0, 0, 0, 1, 1, 0, 1, 1, 0, 0, 0, 0, 2, 0, 0, 1, 0, 3, 1, 2, 2, 0, 1, 1, 0, 1, 0, 1, 3, 0, 2, 1, 2, 1, 0, 0, 1, 0, 1, 1, 1, 0, 1, 1, 3, 3, 0, 2, 0, 0, 0, 2, 1, 1, 0, 3, 0, 1, 0, 0, 1, 2, 2, 2, 1, 3, 0, 1, 2, 2, 0, 1, 0, 0, 2, 0, 2, 0, 1, 0, 3, 1, 1, 0, 0, 1, 0, 0, 0, 0, 0, 1, 2, 2, 0, 2, 1, 2, 1, 1, 1, 0, 2, 0, 0, 0, 2, 1, 1, 3, 0, 2, 0, 1, 0, 1, 0, 0, 1, 1, 1, 2, 0, 1, 1, 3, 1, 1, 1, 0, 0, 1, 0, 0, 0, 2, 3, 3, 1, 0, 0, 2, 1, 1, 2, 1, 1, 0, 0, 1, 0, 2, 1, 2, 0, 1, 2, 0, 2, 1, 0, 2, 1, 3, 2, 2, 1, 0, 3, 3, 2, 3, 0, 1, 0, 3, 1, 3, 2, 1, 2, 2, 2, 1, 1, 2, 0, 1, 0, 0, 0, 2, 0, 0, 1, 0, 0, 0, 0, 2, 1, 0, 1, 1, 1, 0, 0, 1, 0, 0, 2, 0, 1, 0, 3, 2, 0, 1, 1, 0, 1, 0, 3, 2, 1, 1, 3, 0, 1, 1, 0, 2, 2, 0, 1, 2, 2, 1, 1, 2, 1, 1, 3, 0, 1, 2, 2, 2, 1, 0, 0, 1, 2, 1, 2, 1, 2, 1, 1, 0, 0, 1, 1, 2, 1, 2, 1, 1, 0, 0, 1, 2, 0, 0, 3, 0, 1, 1, 0, 1, 2, 0, 1, 1, 0, 3, 0, 0, 0, 0, 0, 0, 0, 2, 1, 0, 1, 0, 0, 3, 2, 1, 0, 1, 0, 0, 0, 0, 1, 2, 1, 0, 3, 0, 1, 3, 1, 1, 1, 1, 0, 1, 1, 1, 1, 0, 1, 1, 1, 2, 3, 1, 2, 1, 0, 2, 1, 2, 0, 3, 1, 1, 0, 0, 2, 1, 0, 0, 0, 1, 0, 2, 0, 1, 2, 0, 2, 2, 2, 2, 3, 3, 2, 3, 1, 1, 0, 1, 1, 3, 1, 0, 1, 0, 1, 1, 1, 1, 1, 0, 1, 2, 0, 0, 0, 1, 0, 2, 2, 1, 1, 3, 2, 1, 0, 2, 0, 3, 0, 0, 0, 1, 3, 1, 1, 1, 1, 2, 1, 0, 1, 1, 3, 0, 2, 1, 2, 0, 2, 0, 0, 0, 0, 2, 0, 1, 3, 0, 1, 0, 1, 0, 0, 0, 2, 0, 1, 1, 1, 3, 1, 2, 0, 0, 3, 0, 2, 3, 1, 0, 1, 1, 0, 1, 3, 2, 2, 0, 2, 0, 1, 0, 1, 1, 2, 0, 0, 1, 0, 0, 0, 1, 2, 0, 1, 0, 1, 2, 1, 1, 0, 1, 0, 2, 0, 1, 1, 1, 2, 0, 3, 3, 0, 0, 0, 0, 1, 0, 0, 0, 0, 1, 0, 2, 0, 0, 0, 1, 3, 1, 1, 0, 0, 2, 2, 1, 0, 1, 1, 0, 1, 1, 0, 0, 1, 0, 0, 2, 1, 0, 2, 1, 1, 0, 1, 1, 0, 3, 1, 1, 3, 1, 2, 1, 0, 1, 0, 1, 2, 3, 0, 2, 2, 0, 2, 1, 2, 3, 1, 0, 0, 3, 1, 3, 0, 3, 0, 2, 1, 0, 0, 1, 0, 0, 1, 1, 1, 1, 3, 3, 1, 1, 0, 1, 1, 1, 1, 0, 0, 1, 1, 2, 0, 0, 2, 1, 2, 2, 1, 1, 0, 0, 1, 2, 2, 2, 1, 0, 2, 2, 0, 0, 0, 0, 0, 1, 2, 0, 0, 2, 3, 0, 1, 1, 2, 1, 2, 3, 3, 0, 3, 1, 0, 1, 1, 0, 1, 1, 3, 0, 0, 1, 1, 2, 3, 0, 3, 0, 2, 1, 0, 0, 0, 1, 2, 0, 1, 0, 0, 3, 1, 1, 2, 1, 3, 0, 0, 0, 1, 0, 0, 1, 0, 0, 1, 0, 1, 1, 0, 0, 0, 0, 1, 0, 0, 0, 2, 2, 0, 0, 1, 1, 0, 0, 1, 0, 0, 1, 1, 1, 3, 3, 1, 1, 0, 1, 1, 0, 0, 0, 2, 0, 0, 0, 1, 0, 1, 1, 0, 0, 1, 1, 0, 3, 2, 0, 0, 1, 3, 2, 3, 0, 2, 3, 0, 2, 1, 1, 3, 0, 1, 0, 3, 0, 1, 0, 2, 1, 0, 1, 1, 1, 1, 1, 0, 2, 1, 2, 1, 1, 1, 2, 2, 2, 1, 3, 1, 2, 0, 3, 1, 0, 2, 0, 0, 0, 0, 0, 0, 3, 0, 1, 0, 0, 2, 3, 0, 3, 2, 2, 2, 1, 3, 3, 1, 2, 3, 1, 0, 0, 1, 1, 0, 0, 2, 0, 1, 2, 0, 1, 2, 1, 0, 0, 2, 0, 2, 0, 0, 0, 3, 0, 0, 3, 1, 0, 0, 1, 1, 1, 0, 1, 0, 1, 3, 2, 0, 3, 0, 0, 2, 0, 0, 1, 1, 1, 1, 2, 1, 2, 2, 1, 1, 0, 0, 1, 0, 2, 2, 2, 1, 1, 2, 0, 2, 2, 0, 1, 1, 0, 0, 1, 0, 3, 0, 2, 1, 0, 0, 1, 2, 0, 3, 0, 0, 1, 1, 1, 3, 3, 0, 2, 1, 0, 1, 1, 0, 1, 2, 2, 1, 0, 0, 1, 2, 0, 2, 0, 1, 1, 0, 0, 0, 0, 3, 3, 0, 1, 3, 3, 0, 1, 2, 0, 2, 0, 1, 2, 0, 0, 2, 0, 1, 0, 3, 1, 1, 1, 2, 2, 2, 2, 1, 1, 3, 3, 0, 1, 0, 0, 2, 1, 1, 0, 1, 0, 0, 1, 0, 1, 2, 1, 0, 1, 1, 1, 2, 1, 2, 2, 0, 0, 2, 3, 0, 0, 0, 0, 0, 3, 1, 0, 0, 0, 3, 0, 0, 1, 1, 0, 0, 2, 0, 2, 0, 2, 3, 1, 0, 0, 1, 2, 1, 0, 3, 2, 0, 2, 2, 2, 1, 1, 2, 1, 1, 1, 2, 0, 1, 1, 1, 0, 3, 3, 0, 0, 2, 1, 2, 1, 2, 3, 0, 1, 2, 1, 0, 0, 1, 0, 2, 3, 1, 3, 0, 1, 2, 3, 1, 1, 2, 2, 0, 1, 3, 1, 1, 0, 0, 0, 1, 3, 1, 2, 1, 1, 3, 0, 2, 1, 2, 0, 3, 2, 2, 0, 1, 2, 2, 1, 2, 0, 3, 2, 0, 1, 3, 0, 1, 1, 0, 0, 0, 1, 1, 2, 0, 0, 0, 1, 1, 2, 0, 2, 0, 2, 2, 1, 2, 0, 2, 3, 1, 2, 3, 1, 2, 0, 0, 1, 1, 2, 3, 1, 2, 2, 1, 0, 2, 1, 3, 2, 1, 1, 1, 2, 1, 1, 0, 1, 1, 1, 1, 2, 3, 2, 2, 0, 2, 1, 0, 0, 1, 0, 0, 1, 0, 0, 2, 0, 2, 0, 3, 2, 1, 0, 0, 1, 2, 1, 0, 0, 0, 2, 0, 0, 1, 0, 0, 0, 0, 1, 0, 0, 0, 1, 0, 0, 0, 0, 3, 0, 0, 1, 0, 0, 0, 0, 0, 1, 2, 2, 2, 0, 2, 2, 0, 1, 1, 3, 0, 0, 2, 0, 1, 0, 0, 0, 2, 1, 1, 1, 1, 0, 0, 2, 2, 1, 3, 2, 1, 1, 0, 0, 0, 0, 0, 0, 2, 1, 2, 1, 1, 0, 3, 0, 2, 0, 2, 2, 0, 2, 0, 1, 1, 1, 1, 3, 0, 1, 2, 2, 0, 0, 2, 2, 2, 0, 1, 3, 2, 1, 2, 1, 0, 2, 0, 1, 0, 2, 2, 1, 1, 2, 2, 3, 0, 0, 2, 0, 1, 1, 2, 0, 1, 0, 0, 3, 1, 0, 2, 1, 2, 0, 1, 0, 2, 0, 3, 1, 1, 0, 2, 0, 1, 0, 1, 0, 0, 0, 0, 3, 0, 3, 2, 1, 0, 2, 2, 2, 2, 1, 3, 2, 2, 1, 0, 2, 2, 2, 1, 2, 0, 0, 2, 1, 3, 0, 0, 0, 1, 0, 1, 1, 3, 2, 3, 2, 2, 1, 1, 2, 1, 1, 1, 2, 1, 1, 1, 1, 3, 2, 0, 1, 3, 1, 1, 0, 2, 2, 0, 1, 3, 0, 0, 1, 0, 0, 0, 3, 1, 0, 1, 0, 1, 1, 0, 3, 0, 1, 0, 3, 3, 0, 0, 1, 1, 0, 0, 1, 2, 0, 1, 0, 0, 0, 0, 2, 1, 2, 1, 0, 0, 1, 1, 1, 2, 0, 1]
b = [-0.5, 0.5, 1.5, 2.5, 3.5]
x = [10, 20, 50, 100, 1000, 10000, 100000]
y = [0.12357340853105087, 0.04057263305708982, 0.009331446051823959, 0.0036779906039607034, 0.0002816634037847217, 3.1263836106699774e-05, 2.889672867447037e-06]

************************************
************************************
************************************
************************************
************************************

N = 6, T = 2000, P=0.6
Теорическая вероятность
[0.05626540002725961, 0.21625352346258941, 0.07578242713215266, 0.2256029786358143, 0.16680562018004863, 0.25929005056213544]
Теорическая энтропия
2.413946140499513
Эмпирическая вероятность
[0.0485, 0.1945, 0.08, 0.2385, 0.173, 0.2655]
Эмпирическая энтропия
2.401745297998237

************************************
************************************
************************************
************************************
************************************
Данные для построения гистограмы и графиков
votes = [5, 4, 4, 1, 3, 4, 4, 5, 3, 2, 1, 3, 4, 3, 1, 5, 4, 2, 5, 5, 0, 3, 2, 5, 0, 3, 4, 1, 3, 0, 3, 5, 1, 5, 2, 0, 5, 0, 5, 5, 5, 3, 1, 5, 5, 5, 2, 5, 5, 4, 5, 2, 3, 5, 3, 3, 3, 4, 1, 3, 1, 5, 1, 3, 1, 1, 4, 0, 0, 4, 3, 5, 1, 4, 4, 3, 4, 3, 0, 5, 4, 5, 5, 5, 4, 3, 4, 2, 1, 5, 3, 5, 1, 5, 3, 1, 0, 1, 1, 5, 4, 1, 4, 3, 5, 0, 5, 3, 5, 3, 4, 5, 5, 5, 1, 1, 4, 5, 5, 3, 5, 4, 1, 5, 1, 5, 4, 4, 5, 1, 1, 1, 3, 0, 5, 1, 2, 4, 0, 5, 5, 3, 4, 4, 4, 3, 2, 1, 2, 2, 1, 5, 1, 4, 3, 2, 5, 4, 3, 5, 2, 4, 5, 1, 4, 4, 4, 5, 3, 3, 2, 1, 2, 5, 4, 5, 3, 1, 3, 3, 5, 4, 3, 1, 4, 5, 5, 5, 1, 5, 5, 4, 1, 4, 4, 4, 1, 5, 1, 1, 2, 3, 5, 4, 5, 3, 5, 5, 3, 3, 3, 1, 5, 5, 5, 5, 3, 1, 3, 5, 1, 5, 4, 3, 3, 3, 3, 3, 4, 4, 2, 0, 1, 5, 5, 4, 3, 5, 1, 2, 1, 2, 5, 3, 0, 2, 4, 5, 2, 5, 4, 0, 0, 5, 4, 1, 5, 3, 4, 3, 5, 3, 2, 0, 4, 1, 5, 5, 3, 1, 3, 2, 4, 1, 4, 5, 4, 3, 5, 3, 0, 5, 3, 3, 4, 5, 5, 3, 2, 3, 4, 1, 3, 4, 2, 5, 5, 2, 3, 3, 5, 4, 4, 2, 4, 5, 2, 1, 1, 1, 4, 1, 3, 5, 4, 3, 5, 3, 5, 2, 1, 4, 5, 5, 3, 3, 5, 0, 1, 0, 3, 0, 5, 3, 1, 5, 3, 1, 3, 3, 3, 3, 5, 4, 5, 4, 3, 1, 3, 3, 4, 5, 4, 5, 5, 5, 2, 3, 4, 2, 1, 5, 5, 1, 4, 1, 1, 1, 4, 5, 5, 1, 2, 3, 5, 5, 2, 0, 3, 2, 5, 4, 1, 5, 0, 5, 3, 3, 5, 4, 3, 2, 4, 3, 3, 5, 3, 2, 3, 4, 2, 5, 3, 5, 1, 1, 0, 3, 3, 2, 4, 2, 1, 4, 1, 1, 2, 5, 3, 3, 1, 4, 3, 1, 5, 4, 3, 4, 3, 5, 4, 3, 4, 4, 3, 3, 5, 2, 1, 5, 1, 5, 4, 3, 4, 5, 5, 3, 4, 3, 3, 1, 4, 5, 3, 5, 5, 3, 1, 1, 1, 1, 4, 3, 5, 5, 5, 5, 3, 5, 5, 4, 4, 4, 4, 5, 3, 1, 3, 3, 5, 1, 2, 2, 5, 0, 4, 5, 1, 1, 0, 4, 1, 1, 5, 4, 1, 1, 5, 5, 5, 4, 3, 5, 3, 3, 3, 1, 4, 5, 3, 1, 4, 1, 4, 5, 1, 1, 3, 3, 4, 5, 4, 4, 1, 4, 1, 4, 3, 4, 5, 3, 1, 4, 3, 5, 4, 5, 1, 1, 5, 4, 3, 0, 4, 2, 2, 3, 4, 3, 1, 5, 5, 4, 1, 3, 1, 0, 3, 4, 2, 1, 4, 4, 2, 4, 1, 3, 3, 1, 1, 2, 1, 0, 3, 3, 5, 2, 1, 3, 0, 0, 3, 4, 5, 5, 0, 5, 3, 4, 5, 4, 1, 3, 3, 4, 3, 3, 5, 3, 1, 3, 3, 5, 2, 4, 1, 4, 3, 5, 3, 3, 4, 1, 1, 1, 1, 1, 3, 4, 2, 3, 2, 1, 2, 5, 5, 2, 1, 1, 1, 4, 1, 5, 1, 2, 3, 3, 2, 4, 1, 0, 2, 0, 2, 1, 4, 4, 1, 2, 1, 4, 2, 1, 1, 3, 2, 1, 5, 3, 4, 1, 4, 5, 5, 0, 3, 5, 1, 3, 3, 3, 4, 5, 5, 0, 4, 4, 4, 5, 1, 5, 0, 5, 5, 5, 5, 3, 1, 3, 3, 1, 5, 5, 4, 5, 1, 1, 5, 3, 1, 3, 3, 0, 4, 3, 1, 4, 5, 3, 4, 1, 4, 1, 3, 4, 2, 5, 1, 0, 2, 4, 4, 4, 3, 0, 0, 0, 1, 4, 5, 5, 3, 3, 1, 3, 4, 3, 3, 5, 1, 5, 5, 5, 5, 1, 1, 3, 3, 2, 3, 1, 4, 1, 5, 3, 3, 4, 4, 5, 4, 0, 3, 2, 1, 0, 5, 3, 4, 0, 5, 3, 2, 2, 5, 5, 0, 5, 3, 2, 1, 2, 5, 1, 5, 5, 5, 5, 1, 1, 0, 1, 3, 1, 3, 2, 5, 3, 3, 1, 4, 5, 3, 3, 4, 0, 4, 3, 4, 1, 3, 2, 5, 2, 5, 1, 3, 2, 1, 3, 3, 3, 3, 5, 3, 1, 4, 4, 3, 3, 4, 3, 5, 4, 1, 3, 5, 3, 1, 2, 5, 3, 5, 5, 3, 3, 4, 5, 4, 4, 1, 5, 5, 3, 0, 1, 3, 3, 0, 5, 4, 1, 3, 3, 2, 5, 1, 4, 4, 1, 5, 4, 3, 5, 4, 5, 1, 5, 4, 3, 4, 4, 5, 5, 5, 5, 1, 4, 5, 3, 4, 3, 5, 3, 3, 2, 5, 3, 0, 5, 3, 1, 5, 0, 3, 3, 1, 1, 1, 1, 2, 2, 5, 3, 3, 3, 1, 5, 1, 4, 3, 4, 3, 1, 4, 2, 4, 0, 0, 4, 1, 4, 4, 5, 4, 3, 4, 5, 0, 4, 4, 4, 2, 3, 1, 0, 3, 3, 5, 3, 2, 1, 2, 3, 4, 3, 1, 5, 4, 5, 1, 5, 0, 4, 1, 0, 4, 1, 3, 5, 5, 4, 1, 3, 5, 4, 3, 1, 3, 2, 3, 5, 3, 5, 1, 5, 3, 0, 5, 4, 3, 5, 5, 0, 3, 5, 5, 5, 3, 4, 1, 3, 3, 5, 4, 3, 1, 2, 5, 1, 1, 1, 5, 1, 1, 2, 5, 3, 3, 1, 1, 4, 3, 5, 3, 5, 3, 1, 3, 1, 3, 2, 5, 1, 4, 5, 1, 4, 4, 2, 5, 5, 1, 3, 1, 5, 4, 5, 5, 3, 3, 1, 5, 3, 4, 4, 0, 5, 1, 1, 1, 1, 3, 1, 3, 5, 1, 1, 5, 2, 5, 4, 4, 2, 3, 5, 4, 3, 5, 5, 5, 2, 4, 1, 3, 3, 4, 3, 3, 1, 1, 5, 2, 4, 5, 5, 3, 3, 3, 1, 3, 2, 1, 1, 5, 5, 4, 4, 3, 3, 2, 5, 2, 1, 2, 4, 1, 3, 4, 2, 1, 3, 4, 3, 4, 3, 3, 3, 2, 4, 4, 5, 3, 5, 3, 3, 4, 5, 3, 4, 2, 1, 5, 4, 5, 3, 1, 3, 3, 4, 4, 1, 5, 1, 3, 5, 1, 1, 5, 3, 1, 1, 5, 5, 3, 5, 5, 3, 1, 1, 1, 1, 5, 5, 2, 4, 5, 5, 1, 1, 5, 5, 5, 5, 5, 5, 5, 4, 1, 4, 4, 2, 3, 4, 5, 3, 1, 3, 3, 2, 3, 3, 1, 5, 2, 1, 4, 2, 5, 5, 3, 5, 0, 2, 1, 1, 3, 5, 4, 4, 5, 5, 3, 1, 5, 5, 1, 5, 1, 3, 3, 3, 3, 4, 2, 3, 4, 2, 4, 5, 3, 3, 1, 1, 3, 1, 5, 4, 5, 4, 2, 5, 3, 2, 4, 5, 5, 4, 3, 5, 2, 5, 5, 5, 1, 2, 1, 4, 5, 5, 4, 3, 1, 4, 3, 4, 1, 0, 4, 5, 3, 5, 4, 1, 5, 0, 2, 3, 3, 5, 5, 4, 3, 1, 3, 5, 2, 1, 3, 4, 1, 4, 1, 5, 5, 3, 5, 5, 5, 5, 5, 1, 5, 1, 0, 3, 5, 5, 3, 5, 0, 1, 4, 1, 5, 4, 3, 5, 4, 5, 2, 3, 5, 3, 5, 0, 5, 4, 1, 5, 5, 3, 5, 3, 2, 0, 4, 4, 4, 0, 2, 4, 3, 5, 0, 5, 1, 4, 1, 2, 2, 1, 2, 4, 1, 5, 3, 3, 5, 4, 3, 1, 2, 3, 4, 1, 3, 4, 1, 5, 3, 5, 5, 4, 3, 5, 5, 3, 5, 5, 5, 1, 5, 3, 5, 3, 2, 3, 1, 5, 1, 4, 3, 1, 5, 0, 3, 5, 4, 4, 1, 5, 1, 1, 3, 2, 2, 4, 2, 3, 5, 5, 1, 3, 0, 1, 5, 5, 5, 5, 2, 4, 4, 5, 1, 0, 3, 1, 5, 1, 3, 5, 4, 5, 1, 5, 4, 5, 5, 5, 5, 5, 5, 5, 1, 4, 5, 5, 3, 4, 1, 1, 3, 3, 5, 1, 5, 2, 4, 3, 3, 3, 3, 3, 5, 5, 1, 5, 3, 2, 3, 4, 1, 4, 2, 5, 1, 4, 1, 4, 3, 1, 5, 3, 3, 5, 4, 4, 0, 3, 5, 4, 0, 5, 1, 1, 3, 5, 1, 1, 3, 4, 5, 2, 3, 3, 5, 3, 4, 3, 1, 0, 5, 0, 2, 4, 4, 5, 4, 3, 3, 3, 4, 4, 3, 3, 3, 5, 1, 1, 1, 1, 5, 0, 1, 1, 2, 3, 5, 3, 4, 3, 2, 3, 5, 3, 3, 3, 5, 3, 3, 3, 4, 5, 5, 1, 5, 5, 3, 4, 1, 3, 5, 3, 5, 3, 4, 5, 3, 4, 1, 5, 1, 5, 1, 3, 5, 3, 3, 0, 3, 1, 5, 4, 3, 5, 1, 3, 2, 1, 3, 2, 3, 1, 5, 3, 5, 0, 3, 3, 3, 1, 4, 1, 5, 5, 5, 5, 0, 2, 3, 5, 4, 3, 0, 3, 2, 2, 3, 3, 1, 1, 5, 1, 2, 3, 3, 4, 5, 3, 1, 5, 4, 4, 5, 5, 3, 2, 5, 5, 0, 2, 4, 1, 2, 3, 3, 2, 1, 1, 5, 5, 1, 4, 1, 4, 1, 5, 1, 3, 5, 5, 1, 4, 2, 5, 3, 5, 1, 5, 3, 4, 1, 1, 5, 4, 5, 3, 1, 1, 5, 5, 5, 4, 1, 5, 5, 5, 3, 3, 5, 1, 3, 3, 2, 1, 5, 0, 2, 1, 0, 3, 1, 5, 5, 1, 3, 1, 1, 2, 1, 4, 4, 5, 3, 2, 5, 3, 5, 5, 5, 1, 5, 4, 3, 4, 3, 5, 1, 1, 0, 5, 5, 5, 5, 1, 5, 1, 2, 4, 3, 1, 3, 4, 0, 2, 4, 2, 5, 2, 4, 5, 3, 2, 2, 4, 3, 5, 5, 4, 5, 3, 4, 1, 1, 0, 4, 3, 1, 0, 5, 3, 1, 5, 1, 3, 3, 5, 3, 1, 4, 3, 3, 5, 4, 3, 1, 3, 3, 1, 5, 4, 4, 1, 4, 3, 5, 5, 3, 3, 4, 5, 5, 3, 3, 5, 4, 5, 5, 5, 1, 0, 5, 3, 4, 4, 1, 4, 4, 3, 3, 1, 4, 1, 4, 2, 1, 5, 5, 3, 5, 3, 3, 1, 5, 4, 5, 1, 5, 3, 5, 3, 5, 5, 1, 5, 1, 2, 1, 0, 4, 3, 5, 3, 3, 1, 2, 4, 4, 0, 3, 1, 5, 4, 1, 0, 4, 1, 5, 5, 3, 1, 4, 1, 5, 3, 5, 3, 5, 1, 3, 2, 3, 5, 5, 3, 5, 3, 4, 2, 1, 3, 3, 3, 4, 5, 4, 1, 5, 4, 2, 2, 3, 4, 5, 1, 1, 0, 3, 1, 5, 5, 3, 1, 5, 1, 1, 4, 3, 4, 4, 5, 3, 3, 5, 3, 3, 5, 5, 5, 0, 3, 3, 5, 5, 5, 3, 4, 5, 5, 3, 3, 4, 1, 5, 1, 3, 1, 0, 1, 3, 1, 3, 4, 4, 5, 5, 5, 1, 4, 3, 5, 5, 1, 1, 5, 3, 0, 1, 4, 5, 5, 5, 3, 2, 5, 3, 1, 1, 5, 4, 1, 3, 1, 5, 1, 5, 4, 1, 3]
b = [-0.5, 0.5, 1.5, 2.5, 3.5, 4.5, 5.5]
x = [10, 20, 50, 100, 1000, 10000, 100000]
y = [0.237084344860168, 0.08113469205855203, 0.014569465527249727, 0.005439176208268348, 0.00040469401955348365, 3.4863991688809326e-05, 3.822511567806479e-06]

************************************
************************************
************************************
************************************
************************************

N = 3, T = 1500, P=0.4
Теорическая вероятность
[0.3162235248266951, 0.46563581373471175, 0.21814066143859326]
Теорическая энтропия
1.5178936868962118
Эмпирическая вероятность
[0.32, 0.446, 0.234]
Эмпирическая энтропия
1.5359005945511586

************************************
************************************
************************************
************************************
************************************
Данные для построения гистограмы и графиков
votes = [2, 0, 0, 1, 0, 1, 2, 1, 2, 1, 2, 0, 0, 0, 1, 2, 1, 0, 0, 0, 1, 2, 2, 0, 1, 2, 2, 2, 2, 1, 1, 2, 2, 2, 2, 0, 1, 1, 1, 0, 1, 1, 2, 0, 1, 0, 1, 2, 1, 1, 0, 0, 1, 2, 2, 1, 1, 0, 1, 1, 0, 1, 1, 2, 1, 0, 0, 1, 0, 1, 1, 1, 1, 2, 1, 1, 2, 1, 1, 0, 1, 0, 0, 0, 1, 0, 1, 0, 0, 0, 0, 1, 2, 2, 0, 2, 0, 1, 0, 1, 1, 0, 2, 0, 1, 1, 0, 0, 1, 1, 2, 2, 1, 1, 2, 1, 0, 0, 1, 1, 1, 1, 1, 1, 0, 2, 1, 0, 1, 0, 0, 1, 1, 0, 2, 2, 1, 1, 1, 2, 0, 0, 2, 2, 1, 1, 0, 1, 2, 1, 1, 1, 1, 0, 2, 0, 0, 0, 1, 1, 1, 0, 1, 1, 2, 1, 0, 1, 2, 0, 0, 1, 0, 0, 0, 1, 1, 2, 2, 0, 2, 0, 0, 1, 0, 0, 1, 0, 0, 0, 1, 1, 0, 2, 1, 0, 2, 2, 0, 0, 2, 1, 1, 0, 0, 1, 2, 1, 2, 0, 0, 1, 1, 0, 1, 0, 2, 2, 1, 2, 1, 1, 1, 0, 1, 1, 0, 0, 2, 1, 0, 0, 1, 2, 0, 2, 2, 0, 2, 0, 2, 1, 2, 1, 2, 1, 1, 1, 2, 1, 1, 0, 2, 1, 2, 1, 0, 1, 2, 1, 2, 0, 1, 1, 0, 0, 1, 1, 2, 1, 1, 2, 0, 2, 1, 1, 0, 2, 1, 2, 1, 2, 1, 1, 1, 1, 1, 1, 1, 0, 0, 1, 1, 0, 0, 2, 1, 0, 1, 0, 1, 1, 1, 0, 1, 2, 2, 1, 0, 1, 1, 0, 1, 0, 0, 2, 1, 2, 2, 2, 1, 2, 1, 1, 1, 0, 0, 0, 0, 1, 0, 0, 2, 2, 2, 2, 2, 0, 0, 2, 2, 2, 1, 0, 1, 1, 1, 1, 0, 1, 1, 1, 1, 1, 2, 0, 1, 1, 2, 0, 1, 0, 0, 1, 2, 0, 2, 0, 2, 2, 0, 1, 1, 2, 1, 0, 1, 0, 2, 0, 0, 0, 0, 0, 1, 0, 0, 0, 0, 1, 1, 0, 0, 1, 2, 1, 1, 1, 0, 0, 1, 1, 1, 2, 1, 1, 2, 0, 0, 2, 0, 1, 1, 2, 1, 1, 1, 0, 0, 0, 1, 1, 1, 0, 1, 0, 0, 2, 0, 2, 1, 1, 1, 2, 2, 1, 0, 0, 1, 0, 0, 0, 0, 1, 0, 1, 2, 0, 1, 1, 1, 0, 2, 1, 1, 1, 1, 0, 1, 1, 0, 0, 1, 2, 1, 1, 2, 1, 1, 2, 2, 1, 1, 0, 1, 1, 1, 1, 1, 1, 2, 0, 2, 0, 2, 1, 0, 0, 1, 0, 1, 1, 2, 1, 2, 1, 0, 1, 2, 2, 0, 1, 1, 1, 2, 0, 1, 1, 1, 1, 1, 0, 0, 1, 1, 2, 0, 0, 1, 1, 0, 1, 2, 2, 1, 1, 1, 1, 2, 2, 2, 1, 2, 2, 2, 1, 0, 2, 0, 1, 2, 1, 1, 1, 1, 1, 1, 0, 2, 1, 1, 1, 2, 2, 2, 0, 1, 1, 2, 0, 1, 2, 1, 2, 1, 2, 1, 0, 0, 1, 0, 1, 2, 0, 0, 0, 0, 1, 1, 0, 1, 0, 1, 1, 2, 0, 1, 0, 2, 1, 0, 1, 0, 1, 1, 2, 1, 0, 1, 2, 0, 0, 0, 2, 2, 0, 1, 1, 0, 0, 0, 0, 1, 1, 1, 1, 1, 2, 1, 0, 2, 0, 0, 1, 2, 0, 0, 0, 0, 0, 2, 2, 2, 1, 2, 1, 2, 1, 0, 0, 1, 1, 0, 0, 2, 1, 2, 1, 1, 1, 1, 0, 0, 2, 0, 1, 0, 0, 1, 2, 1, 2, 1, 1, 1, 0, 1, 1, 1, 0, 1, 2, 1, 1, 1, 1, 1, 2, 2, 0, 1, 1, 2, 1, 1, 0, 0, 0, 0, 1, 0, 2, 2, 1, 1, 2, 1, 2, 1, 0, 0, 0, 1, 0, 1, 0, 0, 1, 1, 1, 0, 0, 2, 0, 2, 0, 1, 1, 0, 0, 1, 0, 1, 0, 1, 2, 1, 2, 0, 0, 2, 0, 2, 2, 2, 1, 2, 0, 0, 2, 1, 2, 1, 0, 0, 1, 2, 1, 0, 1, 1, 1, 2, 1, 2, 1, 0, 1, 1, 0, 1, 2, 1, 1, 1, 1, 2, 1, 0, 1, 2, 1, 2, 1, 1, 0, 2, 1, 0, 2, 0, 2, 2, 0, 1, 0, 0, 1, 2, 1, 1, 1, 1, 1, 1, 2, 1, 1, 1, 0, 1, 2, 2, 0, 1, 2, 0, 1, 2, 0, 0, 0, 1, 2, 0, 0, 1, 2, 1, 0, 0, 2, 0, 2, 2, 1, 0, 1, 0, 0, 2, 0, 1, 1, 0, 0, 1, 1, 2, 0, 2, 0, 1, 0, 0, 0, 1, 0, 1, 0, 1, 1, 2, 2, 2, 2, 2, 0, 2, 0, 0, 1, 1, 1, 0, 1, 0, 1, 1, 0, 2, 2, 2, 1, 1, 2, 0, 0, 0, 1, 1, 1, 1, 1, 2, 1, 1, 1, 0, 2, 1, 0, 1, 1, 0, 1, 2, 0, 1, 0, 1, 1, 0, 1, 1, 1, 1, 2, 2, 1, 0, 1, 1, 1, 2, 0, 1, 0, 2, 2, 1, 2, 0, 0, 0, 0, 0, 1, 2, 0, 1, 2, 0, 0, 1, 0, 0, 2, 0, 1, 1, 0, 1, 0, 0, 1, 2, 1, 1, 0, 0, 1, 1, 2, 2, 1, 1, 2, 2, 2, 2, 0, 2, 2, 0, 1, 2, 1, 1, 0, 0, 2, 1, 1, 1, 2, 1, 0, 1, 1, 0, 2, 1, 2, 2, 0, 1, 2, 0, 0, 0, 2, 1, 2, 1, 1, 1, 1, 1, 1, 2, 2, 0, 0, 2, 0, 2, 1, 1, 1, 2, 1, 0, 1, 0, 1, 0, 0, 1, 1, 1, 1, 1, 2, 1, 1, 1, 1, 1, 1, 0, 0, 1, 2, 1, 2, 1, 0, 0, 1, 0, 2, 2, 1, 2, 0, 1, 2, 0, 1, 0, 0, 1, 1, 1, 0, 0, 1, 1, 2, 1, 0, 2, 0, 1, 1, 1, 2, 1, 0, 1, 2, 1, 1, 2, 0, 0, 1, 2, 1, 0, 0, 1, 1, 1, 1, 1, 0, 0, 1, 2, 2, 2, 1, 1, 2, 1, 1, 0, 1, 1, 1, 0, 1, 0, 0, 0, 1, 0, 1, 2, 1, 1, 1, 0, 2, 0, 0, 1, 2, 2, 1, 0, 0, 1, 1, 1, 2, 1, 2, 1, 2, 1, 2, 1, 2, 1, 0, 0, 1, 1, 1, 1, 0, 1, 1, 1, 1, 1, 2, 2, 0, 1, 2, 2, 2, 2, 0, 1, 0, 0, 1, 1, 0, 0, 2, 0, 1, 1, 0, 2, 1, 1, 0, 2, 1, 0, 0, 2, 0, 1, 2, 2, 0, 1, 1, 0, 1, 0, 1, 2, 1, 0, 1, 0, 1, 1, 1, 1, 1, 2, 1, 1, 1, 1, 0, 1, 1, 1, 0, 0, 0, 0, 0, 2, 2, 2, 1, 1, 1, 1, 0, 1, 1, 2, 0, 0, 2, 0, 2, 0, 1, 2, 1, 2, 1, 1, 0, 0, 1, 1, 0, 2, 2, 1, 1, 1, 0, 1, 0, 1, 1, 2, 1, 0, 1, 0, 1, 0, 2, 1, 0, 1, 2, 0, 1, 2, 0, 1, 0, 2, 2, 1, 0, 1, 1, 1, 0, 2, 1, 2, 2, 0, 2, 1, 2, 1, 0, 2, 0, 0, 1, 0, 1, 2, 0, 1, 1, 2, 2, 0, 1, 2, 1, 0, 1, 1, 2, 0, 2, 1, 1, 0, 1, 2, 2, 0, 1, 1, 0, 1, 2, 1, 1, 2, 2, 0, 1, 1, 1, 0, 1, 0, 1, 0, 0, 0, 1, 2, 1, 1, 0, 1, 0, 1, 0, 2, 1, 1, 0, 1, 1, 0, 1, 0, 0, 0, 0, 1, 2, 0, 0, 1, 1, 0, 0, 0, 0, 1, 2, 2, 0, 1, 2, 0, 2, 1, 0, 2, 1, 1, 1, 1, 1, 0, 2, 1, 1, 1, 1, 0, 0, 1, 0, 1, 1, 1, 0, 0, 0, 1, 1, 1, 2, 1, 1, 0, 0, 0, 2, 0, 0, 0, 1, 1, 0, 1, 1, 0, 2, 1, 2, 2, 0, 0, 1, 2, 1, 2, 2, 0, 1, 1, 2, 2, 1, 1, 0, 0, 0, 0, 2, 0, 2, 0, 1, 0, 0, 0, 1, 1, 1, 0, 1, 1, 0, 1, 1, 2, 0, 1, 1, 1, 2, 2, 1, 0, 1, 0, 2, 1, 0, 1, 2, 2, 1, 2, 0, 2, 0, 2, 0, 1, 0, 2, 2, 0, 1, 1, 1, 1, 1, 1, 0, 1, 0, 2, 1, 1, 1]
b = [-0.5, 0.5, 1.5, 2.5]
x = [10, 20, 50, 100, 1000, 10000, 100000]
y = [0.07813482564474006, 0.02160693814927668, 0.005546449899303682, 0.0023242785125803605, 0.00020289803921525945, 1.8037998226534168e-05, 1.9818521647914012e-06]

************************************
************************************
************************************
************************************
************************************
